1327 119682150787 102400 0
1328 119682253187 102400 0
1329 119682355587 102400 0
1330 119682457987 102400 0
1331 119682560387 102400 0
1332 119682662787 102400 0
1333 119682765187 102400 0
1334 119682867587 102400 0
1335 119682969987 102400 0
1336 119683072387 102400 0
1337 119683174787 102400 0
1338 119683277187 102400 0
1339 119683379587 102400 0
1342 119683686787 102400 0
1343 119683789187 102400 0
1344 119683891587 102400 0
1345 119683993987 102400 0
1346 119684096387 102400 0
1347 119684198787 102400 0
1348 119684301187 102400 0
1349 119684403587 102400 0
1350 119684505987 102400 0
1351 119684608387 102400 0
1352 119684710787 102400 0
1353 119684813187 102400 0
1354 119684915587 102400 0
1355 119685017987 102400 0
1356 119685120387 102400 0
1357 119685222787 102400 0
1358 119685325187 102400 0
1359 119685427587 102400 0
1360 119685529987 102400 0
1361 119685632387 102400 0
1362 119685734787 102400 0
1363 119685837187 102400 0
1364 119685939587 102400 0
1365 119686041987 102400 0
1366 119686144387 102400 0
1367 119686246787 102400 0
1368 119686349187 102400 0
1369 119686451587 102400 0
1370 119686553987 102400 0
1371 119686656387 102400 0
1372 119686758787 102400 0
1373 119686861187 102400 0
1374 119686963587 102400 0
1375 119687065987 102400 0
1376 119687168387 102400 0
1377 119687270787 102400 0
1378 119687373187 102400 0
1379 119687475587 102400 0
1380 119687577987 102400 0
1381 119687680387 102400 0
1382 119687782787 102400 0
1383 119687885187 102400 0
1384 119687987587 102400 0
1385 119688089987 102400 0
1386 119688192387 102400 0
1387 119688294787 102400 0
1390 119688602024 102437 -37
1391 119688704387 102363 37
1392 119688806787 102400 0
1393 119688909187 102400 0
1394 119689011587 102400 0
1395 119689114121 102534 -134
1396 119689216387 102266 134
1397 119689318787 102400 0
1398 119689421187 102400 0
1399 119689523587 102400 0
1400 119689625987 102400 0
1401 119689728387 102400 0
1402 119689830787 102400 0
1403 119689933187 102400 0
1404 119690035587 102400 0
1405 119690137987 102400 0
1406 119690240387 102400 0
1407 119690342787 102400 0
1408 119690445187 102400 0
1409 119690547587 102400 0
1410 119690649987 102400 0
1411 119690752387 102400 0
1412 119690854787 102400 0
1413 119690957187 102400 0
1414 119691059587 102400 0
1415 119691161987 102400 0
1416 119691264387 102400 0
1417 119691366787 102400 0
1418 119691469187 102400 0
1419 119691571587 102400 0
1420 119691673987 102400 0
1421 119691776387 102400 0
1422 119691878787 102400 0
1423 119691981930 103143 -743
1424 119692083587 101657 743
1425 119692185987 102400 0
1426 119692288387 102400 0
1427 119692390787 102400 0
1428 119692493187 102400 0
1429 119692595587 102400 0
1430 119692697987 102400 0
1431 119692800387 102400 0
1432 119692902787 102400 0
1433 119693005187 102400 0
1434 119693107587 102400 0
1435 119693209987 102400 0
1436 119693312387 102400 0
1437 119693414787 102400 0
1438 119693517187 102400 0
1439 119693619587 102400 0
1440 119693721987 102400 0
1441 119693824387 102400 0
1442 119693926787 102400 0
1443 119694029187 102400 0
1444 119694131587 102400 0
1445 119694233987 102400 0
1446 119694336387 102400 0
1447 119694438787 102400 0
1448 119694541187 102400 0
1449 119694643587 102400 0
1450 119694745987 102400 0
1451 119694848387 102400 0
1452 119694950787 102400 0
1453 119695053187 102400 0
1454 119695155587 102400 0
1455 119695257987 102400 0
1456 119695360387 102400 0
1457 119695462787 102400 0
1458 119695565187 102400 0
1459 119695667587 102400 0
1460 119695769987 102400 0
1461 119695872387 102400 0
1462 119695974787 102400 0
1463 119696077187 102400 0
1464 119696179587 102400 0
1469 119696384387 102400 0
1470 119696486787 102400 0
1471 119696589187 102400 0
1472 119696691587 102400 0
1473 119696793987 102400 0
1474 119696896387 102400 0
1475 119696998787 102400 0
1476 119697101187 102400 0
1477 119697203587 102400 0
1478 119697305987 102400 0
1479 119697408387 102400 0
1480 119697510787 102400 0
1483 119697715587 102400 0
1484 119697817987 102400 0
1485 119697921707 103720 -1320
1486 119698022787 101080 1320
1487 119698125187 102400 0
1488 119698227587 102400 0
1493 119698432387 102400 0
1494 119698534787 102400 0
1495 119698637187 102400 0
1496 119698739587 102400 0
1497 119698841987 102400 0
1498 119698944387 102400 0
1499 119699046787 102400 0
1500 119699149187 102400 0
1501 119699251587 102400 0
1502 119699353987 102400 0
1503 119699456387 102400 0
1504 119699558787 102400 0
1505 119699661187 102400 0
1506 119699763587 102400 0
1507 119699865987 102400 0
1508 119699968387 102400 0
1509 119700070787 102400 0
1510 119700173187 102400 0
1511 119700275587 102400 0
1512 119700377987 102400 0
1513 119700480387 102400 0
1514 119700582787 102400 0
1519 119700889987 102400 0
1520 119700992387 102400 0
1521 119701094787 102400 0
1522 119701197187 102400 0
1523 119701299587 102400 0
1524 119701401987 102400 0
1525 119701504387 102400 0
1526 119701606787 102400 0
1527 119701709187 102400 0
1528 119701811587 102400 0
1529 119701913987 102400 0
1530 119702016387 102400 0
1531 119702118787 102400 0
1532 119702221187 102400 0
1533 119702323587 102400 0
1534 119702425987 102400 0
1535 119702528387 102400 0
1536 119702630787 102400 0
1537 119702733187 102400 0
1538 119702835587 102400 0
1542 119703040387 102400 0
1543 119703142787 102400 0
1544 119703245187 102400 0
1545 119703347587 102400 0
1546 119703449987 102400 0
1547 119703552387 102400 0
1548 119703654787 102400 0
1549 119703757187 102400 0
1550 119703859587 102400 0
1551 119703961987 102400 0
1552 119704064387 102400 0
1553 119704166787 102400 0
1554 119704269187 102400 0
1555 119704371587 102400 0
1556 119704473987 102400 0
1557 119704576387 102400 0
1558 119704678787 102400 0
1559 119704781187 102400 0
1560 119704883587 102400 0
1561 119704985987 102400 0
1562 119705088387 102400 0
1563 119705190787 102400 0
1564 119705293187 102400 0
1565 119705395587 102400 0
1566 119705497987 102400 0
1567 119705600387 102400 0
1568 119705702787 102400 0
1569 119705805187 102400 0
1570 119705907587 102400 0
1573 119706112387 102400 0
1574 119706214787 102400 0
1575 119706317187 102400 0
1576 119706419587 102400 0
1577 119706521987 102400 0
1578 119706624387 102400 0
1579 119706726787 102400 0
1587 119707136387 101362 1038
1588 119707238787 102400 0
1589 119707341187 102400 0
1590 119707443587 102400 0
1591 119707545987 102400 0
1592 119707648387 102400 0
1596 119707853187 102400 0
1597 119707955587 102400 0
1600 119708262787 102400 0
1601 119708365187 102400 0
1602 119708467642 102455 -55
1603 119708569987 102345 55
1604 119708672387 102400 0
1605 119708774787 102400 0
1606 119708877187 102400 0
1607 119708979587 102400 0
1608 119709081987 102400 0
1609 119709184387 102400 0
1610 119709286787 102400 0
1611 119709389187 102400 0
1612 119709491587 102400 0
1613 119709593987 102400 0
1614 119709696387 102400 0
1615 119709798787 102400 0
1616 119709901187 102400 0
1617 119710003587 102400 0
1618 119710105987 102400 0
1619 119710208387 102400 0
1620 119710310787 102400 0
1621 119710413187 102400 0
1622 119710515587 102400 0
1623 119710617987 102400 0
1624 119710720387 102400 0
1625 119710822787 102400 0
1626 119710925187 102400 0
1627 119711027587 102400 0
1628 119711129987 102400 0
1629 119711233081 103094 -694
1630 119711334787 101706 694
1631 119711437187 102400 0
1632 119711539587 102400 0
1633 119711641987 102400 0
1634 119711744387 102400 0
1635 119711846787 102400 0
1636 119711949187 102400 0
1637 119712051998 102811 -411
1638 119712153987 101989 411
1639 119712256387 102400 0
1640 119712358787 102400 0
1641 119712461187 102400 0
1642 119712563587 102400 0
1643 119712665987 102400 0
1644 119712768387 102400 0
1645 119712870787 102400 0
1646 119712973187 102400 0
1647 119713075587 102400 0
1648 119713177987 102400 0
1649 119713280387 102400 0
1650 119713382787 102400 0
1651 119713485187 102400 0
1652 119713587587 102400 0
1653 119713689987 102400 0
1654 119713792387 102400 0
1655 119713894787 102400 0
1656 119713997187 102400 0
1657 119714099587 102400 0
1658 119714201987 102400 0
1659 119714304387 102400 0
1660 119714406787 102400 0
1661 119714509187 102400 0
