1753 124256256387 102400 0
1754 124256358787 102400 0
1755 124256461187 102400 0
1756 124256563587 102400 0
1757 124256665987 102400 0
1758 124256768387 102400 0
1759 124256870787 102400 0
1760 124256973187 102400 0
1761 124257075587 102400 0
1762 124257177987 102400 0
1763 124257280520 102533 -133
1764 124257382787 102267 133
1765 124257485187 102400 0
1766 124257587587 102400 0
1767 124257689987 102400 0
1768 124257792387 102400 0
1769 124257894787 102400 0
1770 124257997187 102400 0
1771 124258099587 102400 0
1772 124258201987 102400 0
1773 124258304387 102400 0
1774 124258406787 102400 0
1775 124258509187 102400 0
1776 124258611587 102400 0
1777 124258713987 102400 0
1778 124258816387 102400 0
1779 124258918787 102400 0
1780 124259021187 102400 0
1781 124259123587 102400 0
1782 124259225987 102400 0
1783 124259328387 102400 0
1784 124259430787 102400 0
1785 124259533187 102400 0
1786 124259635587 102400 0
1787 124259737987 102400 0
1788 124259840387 102400 0
1789 124259942817 102430 -30
1790 124260045187 102370 30
1791 124260147587 102400 0
1792 124260249987 102400 0
1793 124260352387 102400 0
1794 124260454787 102400 0
1795 124260557187 102400 0
1796 124260659587 102400 0
1797 124260761987 102400 0
1798 124260864387 102400 0
1799 124260966787 102400 0
1800 124261069187 102400 0
1801 124261171587 102400 0
1802 124261273987 102400 0
1803 124261376387 102400 0
1804 124261478787 102400 0
1805 124261581187 102400 0
1806 124261683587 102400 0
1807 124261785987 102400 0
1808 124261888387 102400 0
1809 124261990787 102400 0
1810 124262093187 102400 0
1811 124262195587 102400 0
1812 124262297987 102400 0
1813 124262400387 102400 0
1814 124262502787 102400 0
1815 124262605187 102400 0
1816 124262707587 102400 0
1817 124262809987 102400 0
1818 124262912387 102400 0
1819 124263014787 102400 0
1820 124263117187 102400 0
1821 124263219587 102400 0
1822 124263321987 102400 0
1823 124263424387 102400 0
1824 124263526787 102400 0
1825 124263629187 102400 0
1826 124263731587 102400 0
1827 124263833987 102400 0
1828 124263936387 102400 0
1829 124264038787 102400 0
1830 124264141259 102472 -72
1831 124264243587 102328 72
1832 124264345987 102400 0
1833 124264448387 102400 0
1834 124264550787 102400 0
1839 124265062787 102400 0
1840 124265165187 102400 0
1841 124265267587 102400 0
1842 124265369987 102400 0
1843 124265472387 102400 0
1844 124265574787 102400 0
1845 124265677187 102400 0
1846 124265779587 102400 0
1847 124265881987 102400 0
1848 124265984387 102400 0
1849 124266086787 102400 0
1850 124266189187 102400 0
1851 124266291587 102400 0
1852 124266393987 102400 0
1853 124266496387 102400 0
1854 124266598944 102557 -157
1855 124266701187 102243 157
1858 124266905987 102400 0
1861 124267110787 102400 0
1864 124267315587 102400 0
1865 124267417987 102400 0
1866 124267520387 102400 0
1867 124267622787 102400 0
1868 124267725187 102400 0
1869 124267827587 102400 0
1870 124267930160 102573 -173
1871 124268032387 102227 173
1872 124268134787 102400 0
1873 124268237187 102400 0
1874 124268339587 102400 0
1875 124268441987 102400 0
1876 124268544387 102400 0
1877 124268646787 102400 0
1878 124268749187 102400 0
1879 124268851587 102400 0
1880 124268953987 102400 0
1881 124269056387 102400 0
1882 124269158787 102400 0
1883 124269261187 102400 0
1884 124269363587 102400 0
1885 124269465987 102400 0
1886 124269568387 102400 0
1887 124269670787 102400 0
1888 124269773187 102400 0
1889 124269875587 102400 0
1890 124269977987 102400 0
1891 124270080387 102400 0
1892 124270182787 102400 0
1893 124270285187 102400 0
1894 124270387587 102400 0
1895 124270489987 102400 0
1896 124270592387 102400 0
1897 124270694787 102400 0
1898 124270797187 102400 0
1899 124270899587 102400 0
1900 124271001987 102400 0
1901 124271104387 102400 0
1902 124271206787 102400 0
1903 124271309187 102400 0
1904 124271411587 102400 0
1905 124271513987 102400 0
1906 124271616387 102400 0
1907 124271718787 102400 0
1908 124271821187 102400 0
1909 124271923587 102400 0
1910 124272025987 102400 0
1911 124272128387 102400 0
1912 124272230787 102400 0
1913 124272333187 102400 0
1914 124272435587 102400 0
1915 124272537987 102400 0
1916 124272640387 102400 0
1917 124272742787 102400 0
1918 124272845187 102400 0
1919 124272947587 102400 0
1920 124273049987 102400 0
1921 124273152387 102400 0
1922 124273254787 102400 0
1923 124273357187 102400 0
1924 124273459587 102400 0
1925 124273561987 102400 0
1926 124273664387 102400 0
1927 124273766787 102400 0
1928 124273869187 102400 0
1929 124273971587 102400 0
1932 124274176387 102326 74
1933 124274278787 102400 0
1934 124274381187 102400 0
1935 124274483587 102400 0
1936 124274585987 102400 0
1937 124274689986 103999 -1599
1938 124274790787 100801 1599
1939 124274893187 102400 0
1940 124274995587 102400 0
1941 124275098022 102435 -35
1942 124275200387 102365 35
1943 124275302787 102400 0
1944 124275405187 102400 0
1945 124275507587 102400 0
1946 124275609987 102400 0
1947 124275712387 102400 0
1948 124275814787 102400 0
1949 124275917187 102400 0
1950 124276019587 102400 0
1951 124276121987 102400 0
1952 124276224387 102400 0
1953 124276326787 102400 0
1954 124276429187 102400 0
1955 124276531587 102400 0
1956 124276633987 102400 0
1957 124276736394 102407 -7
1958 124276838787 102393 7
1959 124276941187 102400 0
1960 124277043587 102400 0
1961 124277145987 102400 0
1962 124277248387 102400 0
1963 124277350787 102400 0
1964 124277453187 102400 0
1965 124277555587 102400 0
1966 124277657987 102400 0
1967 124277760387 102400 0
1968 124277862787 102400 0
1969 124277967495 104708 -2308
1970 124278067587 100092 2308
1971 124278169987 102400 0
1972 124278272387 102400 0
1973 124278374787 102400 0
1974 124278477187 102400 0
1975 124278579587 102400 0
1976 124278681987 102400 0
1977 124278784387 102400 0
1978 124278886787 102400 0
1979 124278989187 102400 0
1980 124279091587 102400 0
1981 124279193987 102400 0
1982 124279296387 102400 0
1983 124279398787 102400 0
1984 124279501187 102400 0
1985 124279603587 102400 0
1988 124279910787 102400 0
1989 124280013187 102400 0
1990 124280115587 102400 0
1991 124280217987 102400 0
1992 124280320387 102400 0
1993 124280422787 102400 0
1994 124280525187 102400 0
1995 124280627587 102400 0
2000 124280934787 102151 249
2001 124281037187 102400 0
2002 124281139587 102400 0
2003 124281241987 102400 0
2004 124281344387 102400 0
2005 124281446787 102400 0
2006 124281549187 102400 0
2007 124281651599 102412 -12
2008 124281753987 102388 12
2009 124281856387 102400 0
2010 124281958787 102400 0
2011 124282061187 102400 0
2012 124282163587 102400 0
2013 124282265987 102400 0
2014 124282368387 102400 0
2015 124282470787 102400 0
2016 124282573187 102400 0
2017 124282675587 102400 0
2018 124282777987 102400 0
2019 124282880387 102400 0
2020 124282982787 102400 0
2021 124283085187 102400 0
2022 124283187587 102400 0
2023 124283289987 102400 0
2024 124283392387 102400 0
2025 124283494787 102400 0
2026 124283597187 102400 0
2027 124283699587 102400 0
2028 124283801987 102400 0
2029 124283904387 102400 0
2030 124284006787 102400 0
2031 124284109187 102400 0
2032 124284211587 102400 0
2033 124284313987 102400 0
2034 124284416387 102400 0
2035 124284518787 102400 0
2036 124284621187 102400 0
2037 124284725043 103856 -1456
2038 124284825987 100944 1456
2039 124284928387 102400 0
2040 124285030787 102400 0
2041 124285133187 102400 0
2042 124285235587 102400 0
2045 124285440387 102400 0
2049 124285645187 102400 0
2050 124285747587 102400 0
2051 124285849987 102400 0
2052 124285952387 102400 0
2057 124286259587 102400 0
2058 124286361987 102400 0
2059 124286464387 102400 0
2060 124286566787 102400 0
2061 124286669187 102400 0
2062 124286771587 102400 0
2063 124286873987 102400 0
2064 124286976387 102400 0
2065 124287078787 102400 0
2066 124287181187 102400 0
2067 124287283587 102400 0
2068 124287385987 102400 0
2069 124287488387 102400 0
2070 124287590787 102400 0
2071 124287693187 102400 0
2072 124287795587 102400 0
2073 124287897987 102400 0
2074 124288000387 102400 0
2075 124288102787 102400 0
2076 124288205187 102400 0
2077 124288307587 102400 0
2078 124288409987 102400 0
2079 124288512387 102400 0
