1830 120833536387 102400 0
1831 120833638787 102400 0
1832 120833741187 102400 0
1833 120833843587 102400 0
1834 120833945987 102400 0
1835 120834048387 102400 0
1836 120834150787 102400 0
1837 120834253187 102400 0
1838 120834355587 102400 0
1841 120834662787 102400 0
1842 120834765187 102400 0
1843 120834867587 102400 0
1844 120834969987 102400 0
1845 120835072387 102400 0
1848 120835379587 102400 0
1849 120835481987 102400 0
1850 120835584387 102400 0
1851 120835686787 102400 0
1852 120835789187 102400 0
1853 120835891587 102400 0
1854 120835993987 102400 0
1855 120836096387 102400 0
1856 120836198787 102400 0
1857 120836301187 102400 0
1858 120836403587 102400 0
1859 120836505987 102400 0
1860 120836608387 102400 0
1861 120836710787 102400 0
1862 120836813187 102400 0
1863 120836915587 102400 0
1864 120837017987 102400 0
1865 120837120387 102400 0
1866 120837222787 102400 0
1867 120837325187 102400 0
1868 120837427587 102400 0
1869 120837529987 102400 0
1870 120837632387 102400 0
1873 120837837187 102400 0
1874 120837939587 102400 0
1875 120838041987 102400 0
1876 120838144387 102400 0
1877 120838246787 102400 0
1878 120838349187 102400 0
1879 120838451587 102400 0
1880 120838553987 102400 0
1881 120838656387 102400 0
1882 120838758787 102400 0
1883 120838861187 102400 0
1884 120838963587 102400 0
1885 120839065987 102400 0
1886 120839168387 102400 0
1887 120839270787 102400 0
1888 120839373187 102400 0
1891 120839577987 102400 0
1892 120839680387 102400 0
1893 120839782787 102400 0
1894 120839885187 102400 0
1895 120839987587 102400 0
1896 120840089987 102400 0
1897 120840192387 102400 0
1898 120840294787 102400 0
1899 120840397187 102400 0
1900 120840499587 102400 0
1901 120840601987 102400 0
1902 120840704387 102400 0
1903 120840806787 102400 0
1904 120840909187 102400 0
1905 120841011587 102400 0
1906 120841113987 102400 0
1907 120841216387 102400 0
1908 120841318787 102400 0
1909 120841421187 102400 0
1910 120841523587 102400 0
1911 120841625987 102400 0
1912 120841728387 102400 0
1913 120841830787 102400 0
1914 120841933187 102400 0
1915 120842035587 102400 0
1916 120842137987 102400 0
1917 120842240387 102400 0
1918 120842342787 102400 0
1919 120842445187 102400 0
1920 120842547587 102400 0
1921 120842649987 102400 0
1922 120842752387 102400 0
1923 120842854787 102400 0
1924 120842957187 102400 0
1925 120843059587 102400 0
1926 120843161987 102400 0
1927 120843264387 102400 0
1928 120843366787 102400 0
1929 120843469363 102576 -176
1930 120843571587 102224 176
1931 120843673987 102400 0
1932 120843776387 102400 0
1933 120843878787 102400 0
1934 120843981187 102400 0
1935 120844083587 102400 0
1936 120844185987 102400 0
1937 120844288387 102400 0
1938 120844390787 102400 0
1939 120844493187 102400 0
1940 120844595587 102400 0
1941 120844697987 102400 0
1942 120844800387 102400 0
1943 120844902787 102400 0
1944 120845005187 102400 0
1945 120845107587 102400 0
1946 120845209987 102400 0
1947 120845312387 102400 0
1948 120845414787 102400 0
1949 120845517187 102400 0
1950 120845619587 102400 0
1951 120845721987 102400 0
1952 120845824387 102400 0
1953 120845926787 102400 0
1954 120846029187 102400 0
1955 120846131587 102400 0
1956 120846233987 102400 0
1957 120846336387 102400 0
1958 120846438787 102400 0
1959 120846541187 102400 0
1960 120846643587 102400 0
1969 120847053187 102400 0
1970 120847155587 102400 0
1971 120847257987 102400 0
1972 120847360387 102400 0
1973 120847462787 102400 0
1974 120847565187 102400 0
1975 120847667587 102400 0
1976 120847769987 102400 0
1977 120847872387 102400 0
1978 120847974787 102400 0
1979 120848077187 102400 0
1980 120848179587 102400 0
1981 120848281987 102400 0
1982 120848384387 102400 0
1985 120848691587 102400 0
1986 120848793987 102400 0
1987 120848897084 103097 -697
1988 120848998787 101703 697
1989 120849101187 102400 0
1990 120849203587 102400 0
1991 120849305987 102400 0
1992 120849408387 102400 0
1993 120849510787 102400 0
1994 120849613187 102400 0
1995 120849715587 102400 0
1996 120849817987 102400 0
1997 120849920387 102400 0
1998 120850022787 102400 0
2001 120850329987 102400 0
2002 120850432387 102400 0
2003 120850534787 102400 0
2004 120850637187 102400 0
2005 120850739587 102400 0
2006 120850841987 102400 0
2007 120850944387 102400 0
2008 120851046787 102400 0
2009 120851149187 102400 0
2010 120851251587 102400 0
2011 120851353987 102400 0
2012 120851456387 102400 0
2013 120851558787 102400 0
2014 120851661187 102400 0
2015 120851763587 102400 0
2016 120851865987 102400 0
2017 120851968387 102400 0
2018 120852070787 102400 0
2019 120852173187 102400 0
2020 120852275587 102400 0
2021 120852377987 102400 0
2022 120852480387 102400 0
2023 120852582787 102400 0
2024 120852685187 102400 0
2025 120852787587 102400 0
2026 120852889987 102400 0
2027 120852992387 102400 0
2028 120853094787 102400 0
2029 120853197187 102400 0
2042 120853811587 102400 0
2043 120853913987 102400 0
2044 120854016387 102400 0
2045 120854118787 102400 0
2046 120854221187 102400 0
2047 120854323587 102400 0
2048 120854425987 102400 0
2049 120854528387 102400 0
2050 120854630787 102400 0
2051 120854733187 102400 0
2052 120854835587 102400 0
617 124144845187 102400 0
618 124144947587 102400 0
619 124145050132 102545 -145
620 124145152387 102255 145
621 124145254787 102400 0
622 124145357187 102400 0
623 124145459587 102400 0
624 124145561987 102400 0
625 124145664559 102572 -172
626 124145766787 102228 172
627 124145869187 102400 0
628 124145971587 102400 0
629 124146073987 102400 0
630 124146176392 102405 -5
631 124146278787 102395 5
632 124146381187 102400 0
633 124146483587 102400 0
634 124146585987 102400 0
635 124146688387 102400 0
636 124146790787 102400 0
637 124146893187 102400 0
638 124146995587 102400 0
639 124147097987 102400 0
640 124147200431 102444 -44
641 124147302787 102356 44
642 124147405187 102400 0
643 124147507587 102400 0
644 124147609987 102400 0
645 124147712387 102400 0
646 124147814787 102400 0
647 124147917187 102400 0
648 124148019587 102400 0
649 124148121987 102400 0
650 124148224536 102549 -149
651 124148326787 102251 149
652 124148429187 102400 0
653 124148531587 102400 0
654 124148633987 102400 0
663 124149043587 102400 0
664 124149145987 102400 0
665 124149248387 102400 0
666 124149357724 109337 -6937
667 124149453222 95498 6902
668 124149555587 102365 35
669 124149657987 102400 0
670 124149760387 102400 0
671 124149862787 102400 0
672 124149965187 102400 0
673 124150067587 102400 0
674 124150169987 102400 0
677 124150477187 102400 0
678 124150579704 102517 -117
679 124150681987 102283 117
680 124150784387 102400 0
681 124150886787 102400 0
685 124151091587 102400 0
686 124151193987 102400 0
687 124151296418 102431 -31
688 124151398787 102369 31
689 124151501187 102400 0
690 124151603587 102400 0
691 124151705987 102400 0
692 124151808387 102400 0
693 124151910787 102400 0
694 124152013187 102400 0
695 124152115587 102400 0
696 124152217987 102400 0
697 124152320387 102400 0
698 124152422787 102400 0
699 124152525187 102400 0
700 124152627587 102400 0
701 124152729987 102400 0
702 124152832387 102400 0
703 124152934792 102405 -5
704 124153037187 102395 5
705 124153139587 102400 0
706 124153241987 102400 0
707 124153344387 102400 0
708 124153446787 102400 0
709 124153549187 102400 0
710 124153651587 102400 0
711 124153753987 102400 0
712 124153856387 102400 0
713 124153958787 102400 0
717 124154163587 102400 0
718 124154265987 102400 0
723 124154675594 102407 -7
726 124154880387 102400 0
727 124154982787 102400 0
728 124155085187 102400 0
729 124155187587 102400 0
730 124155289987 102400 0
731 124155392387 102400 0
732 124155494787 102400 0
733 124155597187 102400 0
734 124155699587 102400 0
735 124155801987 102400 0
736 124155904387 102400 0
737 124156006787 102400 0
738 124156109187 102400 0
739 124156211587 102400 0
740 124156313987 102400 0
741 124156416387 102400 0
742 124156518787 102400 0
743 124156621187 102400 0
744 124156723587 102400 0
745 124156825987 102400 0
746 124156928387 102400 0
747 124157030787 102400 0
