1662 119714611587 102400 0
1663 119714713987 102400 0
1664 119714816387 102400 0
1665 119714918787 102400 0
1666 119715021187 102400 0
1667 119715123587 102400 0
1668 119715225987 102400 0
1669 119715328387 102400 0
1670 119715430787 102400 0
1671 119715533187 102400 0
1672 119715635587 102400 0
1673 119715737987 102400 0
1674 119715840387 102400 0
1675 119715942787 102400 0
1676 119716045233 102446 -46
1677 119716147587 102354 46
1678 119716249987 102400 0
1679 119716352387 102400 0
1680 119716454787 102400 0
1681 119716557187 102400 0
1682 119716659587 102400 0
1683 119716761987 102400 0
1684 119716864387 102400 0
1685 119716966894 102507 -107
1686 119717069221 102327 73
1687 119717171587 102366 34
1688 119717273987 102400 0
1689 119717376387 102400 0
1690 119717478787 102400 0
1691 119717581187 102400 0
1692 119717683587 102400 0
1693 119717785987 102400 0
1694 119717888387 102400 0
1695 119717990787 102400 0
1696 119718093187 102400 0
1697 119718195587 102400 0
1698 119718297987 102400 0
1699 119718400387 102400 0
1700 119718502787 102400 0
1701 119718605187 102400 0
1702 119718707587 102400 0
1703 119718809987 102400 0
1704 119718912387 102400 0
1705 119719014787 102400 0
1706 119719117187 102400 0
1707 119719219587 102400 0
1708 119719321987 102400 0
1709 119719424387 102400 0
1710 119719526787 102400 0
1711 119719629187 102400 0
1712 119719731587 102400 0
1713 119719833987 102400 0
1714 119719936387 102400 0
1715 119720038787 102400 0
1716 119720141187 102400 0
1717 119720243587 102400 0
1718 119720345987 102400 0
1719 119720448387 102400 0
1720 119720550787 102400 0
1721 119720653187 102400 0
1722 119720755587 102400 0
1723 119720857987 102400 0
1724 119720960387 102400 0
1725 119721062787 102400 0
1726 119721165187 102400 0
1727 119721267587 102400 0
1728 119721369987 102400 0
1729 119721472387 102400 0
1730 119721574787 102400 0
1731 119721677187 102400 0
1732 119721779587 102400 0
1733 119721881987 102400 0
1734 119721984387 102400 0
1735 119722086787 102400 0
1736 119722189187 102400 0
1737 119722291587 102400 0
1738 119722393987 102400 0
1744 119722701187 102400 0
1745 119722803587 102400 0
1746 119722905987 102400 0
1747 119723008387 102400 0
1748 119723110787 102400 0
1749 119723213187 102400 0
1750 119723315587 102400 0
1751 119723417987 102400 0
1752 119723520387 102400 0
1753 119723622787 102400 0
1754 119723725187 102400 0
1755 119723827587 102400 0
1756 119723929987 102400 0
1757 119724032387 102400 0
1758 119724134787 102400 0
1759 119724237187 102400 0
1760 119724339587 102400 0
1761 119724446447 106860 -4460
1762 119724544387 97940 4460
1763 119724646787 102400 0
1764 119724749198 102411 -11
1765 119724851587 102389 11
1766 119724953987 102400 0
1767 119725056387 102400 0
1768 119725158787 102400 0
1769 119725261187 102400 0
1770 119725363587 102400 0
1771 119725465987 102400 0
1772 119725568387 102400 0
1773 119725670787 102400 0
1774 119725773187 102400 0
1775 119725875587 102400 0
1776 119725977987 102400 0
1781 119726285187 102400 0
1782 119726388698 103511 -1111
1783 119726489987 101289 1111
1784 119726592857 102870 -470
1785 119726695137 102280 120
1786 119726797187 102050 350
1787 119726899587 102400 0
1788 119727002008 102421 -21
1789 119727104387 102379 21
1790 119727206787 102400 0
1791 119727309187 102400 0
1792 119727411587 102400 0
1793 119727513987 102400 0
1794 119727617040 103053 -653
1795 119727718787 101747 653
1796 119727821187 102400 0
1797 119727923587 102400 0
1798 119728025987 102400 0
1799 119728128387 102400 0
1800 119728230787 102400 0
1801 119728333187 102400 0
1802 119728435587 102400 0
1803 119728537987 102400 0
1804 119728640387 102400 0
1805 119728743225 102838 -438
1806 119728845187 101962 438
1807 119728947587 102400 0
1808 119729049987 102400 0
1809 119729152387 102400 0
1810 119729254787 102400 0
1811 119729357187 102400 0
1812 119729459587 102400 0
1813 119729561987 102400 0
1814 119729664736 102749 -349
1815 119729766787 102051 349
1816 119729869187 102400 0
1817 119729971587 102400 0
1818 119730073987 102400 0
1819 119730176387 102400 0
1820 119730278787 102400 0
1821 119730381187 102400 0
1822 119730483587 102400 0
1827 119730790787 102400 0
1828 119730893187 102400 0
1829 119730995587 102400 0
1830 119731098370 102783 -383
1831 119731200634 102264 136
1832 119731302787 102153 247
1833 119731405187 102400 0
1834 119731507587 102400 0
1835 119731610347 102760 -360
1836 119731712387 102040 360
1837 119731814787 102400 0
1838 119731917187 102400 0
1839 119732021753 104566 -2166
1840 119732121987 100234 2166
1841 119732224387 102400 0
1842 119732326787 102400 0
1843 119732429187 102400 0
1844 119732531587 102400 0
1845 119732633987 102400 0
1846 119732736387 102400 0
1847 119732838787 102400 0
1848 119732941187 102400 0
1849 119733043587 102400 0
1850 119733145987 102400 0
1851 119733249319 103332 -932
1852 119733351903 102584 -184
1853 119733453187 101284 1116
1854 119733555587 102400 0
1855 119733657987 102400 0
1856 119733760387 102400 0
1857 119733862787 102400 0
1858 119733965187 102400 0
1859 119734067587 102400 0
1860 119734169987 102400 0
1861 119734272387 102400 0
1862 119734374787 102400 0
1863 119734477187 102400 0
1864 119734579587 102400 0
1865 119734681987 102400 0
1866 119734784387 102400 0
1867 119734886787 102400 0
1868 119734989187 102400 0
1869 119735091587 102400 0
1870 119735193987 102400 0
1871 119735296387 102400 0
1872 119735398787 102400 0
1873 119735501187 102400 0
1874 119735603587 102400 0
1875 119735705987 102400 0
1876 119735808387 102400 0
1877 119735910787 102400 0
1878 119736013187 102400 0
1879 119736115587 102400 0
1880 119736217987 102400 0
1881 119736320387 102400 0
1882 119736422787 102400 0
1883 119736525187 102400 0
1884 119736627587 102400 0
1885 119736729987 102400 0
1886 119736832387 102400 0
1887 119736934803 102416 -16
1888 119737039285 104482 -2082
1889 119737139587 100302 2098
1890 119737241987 102400 0
1891 119737344387 102400 0
1892 119737446787 102400 0
1893 119737549187 102400 0
1894 119737651587 102400 0
1895 119737753987 102400 0
1896 119737856387 102400 0
1897 119737958787 102400 0
1898 119738061187 102400 0
1902 119738265987 102400 0
1903 119738368387 102400 0
1904 119738470787 102400 0
1905 119738573187 102400 0
1915 119739085187 102400 0
1916 119739187587 102400 0
1917 119739289987 102400 0
1918 119739392387 102400 0
1919 119739494787 102400 0
1920 119739597187 102400 0
1921 119739699587 102400 0
1928 119740006787 102166 234
1929 119740109187 102400 0
1930 119740211587 102400 0
1931 119740313987 102400 0
1932 119740416387 102400 0
1933 119740518787 102400 0
1934 119740621187 102400 0
1935 119740723587 102400 0
1936 119740825987 102400 0
1937 119740928387 102400 0
1938 119741030787 102400 0
1939 119741133187 102400 0
1940 119741236087 102900 -500
1941 119741337987 101900 500
1942 119741440387 102400 0
1943 119741542787 102400 0
1944 119741645187 102400 0
1945 119741747587 102400 0
1946 119741849987 102400 0
1947 119741952387 102400 0
1948 119742054787 102400 0
1949 119742157491 102704 -304
1950 119742259587 102096 304
1951 119742361987 102400 0
1952 119742464387 102400 0
1953 119742566787 102400 0
1954 119742669187 102400 0
1955 119742771587 102400 0
1956 119742873987 102400 0
1957 119742976387 102400 0
1958 119743078787 102400 0
1959 119743181187 102400 0
1960 119743283587 102400 0
1961 119743385987 102400 0
1962 119743488387 102400 0
1963 119743590787 102400 0
1964 119743693187 102400 0
1965 119743795587 102400 0
1966 119743897987 102400 0
1967 119744000387 102400 0
1968 119744102787 102400 0
1969 119744205187 102400 0
1970 119744307587 102400 0
1971 119744409987 102400 0
1972 119744512387 102400 0
1973 119744614787 102400 0
1974 119744717187 102400 0
1975 119744819587 102400 0
1976 119744921987 102400 0
1977 119745024387 102400 0
1978 119745126787 102400 0
1979 119745229187 102400 0
1980 119745331587 102400 0
1981 119745433987 102400 0
1982 119745536387 102400 0
1983 119745638787 102400 0
1984 119745741187 102400 0
1985 119745843587 102400 0
1986 119745945987 102400 0
1987 119746048387 102400 0
1988 119746150787 102400 0
1989 119746253187 102400 0
1990 119746355587 102400 0
1991 119746457987 102400 0
1992 119746560389 102402 -2
