832 124543385987 102400 0
833 124543488387 102400 0
834 124543590787 102400 0
835 124543693187 102400 0
836 124543795587 102400 0
837 124543897987 102400 0
838 124544000387 102400 0
839 124544102787 102400 0
840 124544205187 102400 0
848 124544717187 102400 0
849 124544819587 102400 0
850 124544921987 102400 0
851 124545024387 102400 0
852 124545126787 102400 0
853 124545229187 102400 0
854 124545331587 102400 0
855 124545435748 104161 -1761
856 124545536485 100737 1663
857 124545638787 102302 98
858 124545741187 102400 0
859 124545843587 102400 0
860 124545945987 102400 0
861 124546048387 102400 0
862 124546150832 102445 -45
865 124546457987 102400 0
866 124546560387 102400 0
867 124546662787 102400 0
868 124546765187 102400 0
869 124546867587 102400 0
870 124546969987 102400 0
873 124547277187 102400 0
874 124547379587 102400 0
875 124547481987 102400 0
876 124547584387 102400 0
877 124547686787 102400 0
878 124547789187 102400 0
879 124547891587 102400 0
880 124547993987 102400 0
881 124548096387 102400 0
882 124548198787 102400 0
883 124548301187 102400 0
884 124548403751 102564 -164
887 124548710949 102562 -162
893 124549017987 102400 0
894 124549120387 102400 0
895 124549222787 102400 0
898 124549427587 102400 0
899 124549529987 102400 0
900 124549632644 102657 -257
901 124549734787 102143 257
902 124549837187 102400 0
903 124549939587 102400 0
904 124550041987 102400 0
905 124550144387 102400 0
906 124550246787 102400 0
907 124550349187 102400 0
908 124550453609 104422 -2022
911 124550758787 102400 0
912 124550861187 102400 0
913 124550963587 102400 0
914 124551065987 102400 0
915 124551168387 102400 0
916 124551270787 102400 0
917 124551373187 102400 0
918 124551475587 102400 0
919 124551577987 102400 0
920 124551680387 102400 0
921 124551782787 102400 0
922 124551885187 102400 0
923 124551987587 102400 0
924 124552089987 102400 0
925 124552192387 102400 0
928 124552499587 102400 0
929 124552601987 102400 0
930 124552704387 102400 0
931 124552806787 102400 0
932 124552909187 102400 0
933 124553011587 102400 0
934 124553113987 102400 0
935 124553216453 102466 -66
938 124553523587 102400 0
939 124553625987 102400 0
940 124553728387 102400 0
941 124553830787 102400 0
942 124553933187 102400 0
943 124554035587 102400 0
944 124554137987 102400 0
945 124554240387 102400 0
946 124554342787 102400 0
947 124554445187 102400 0
956 124554752387 102398 2
957 124554854787 102400 0
958 124554957187 102400 0
959 124555059587 102400 0
960 124555161987 102400 0
961 124555264387 102400 0
962 124555366787 102400 0
965 124555673987 102400 0
966 124555776387 102400 0
967 124555878787 102400 0
968 124555981187 102400 0
969 124556083587 102400 0
970 124556185987 102400 0
971 124556288387 102400 0
972 124556390787 102400 0
973 124556493187 102400 0
974 124556595587 102400 0
975 124556697987 102400 0
976 124556800387 102400 0
977 124556902787 102400 0
980 124557213941 106354 -3954
990 124557619587 102400 0
991 124557721987 102400 0
992 124557824387 102400 0
993 124557926787 102400 0
994 124558029187 102400 0
997 124558336402 102415 -15
998 124558438787 102385 15
999 124558541187 102400 0
1000 124558643587 102400 0
1001 124558745987 102400 0
1002 124558848387 102400 0
1003 124558950787 102400 0
1004 124559053187 102400 0
1005 124559155587 102400 0
1006 124559257987 102400 0
1007 124559360387 102400 0
1008 124559462787 102400 0
1009 124559565187 102400 0
1010 124559667587 102400 0
1011 124559769987 102400 0
1012 124559872387 102400 0
1013 124559974787 102400 0
1014 124560077187 102400 0
1015 124560179587 102400 0
1016 124560281987 102400 0
1017 124560384387 102400 0
1018 124560486787 102400 0
1019 124560589187 102400 0
1020 124560691587 102400 0
1021 124560793987 102400 0
1022 124560896387 102400 0
1023 124560998787 102400 0
1024 124561101187 102400 0
1025 124561203587 102400 0
1026 124561305987 102400 0
1027 124561408387 102400 0
1028 124561510787 102400 0
1029 124561613187 102400 0
1030 124561715587 102400 0
1031 124561817987 102400 0
1032 124561920387 102400 0
1033 124562024664 104277 -1877
1034 124562125187 100523 1877
1035 124562227587 102400 0
1036 124562329987 102400 0
1040 124562739587 102400 0
1041 124562841987 102400 0
1042 124562944387 102400 0
1043 124563046787 102400 0
1044 124563149187 102400 0
1045 124563251587 102400 0
1046 124563353987 102400 0
1047 124563456387 102400 0
1048 124563558787 102400 0
1049 124563661187 102400 0
1050 124563763587 102400 0
1051 124563865987 102400 0
1052 124563968387 102400 0
1053 124564070787 102400 0
1057 124564480387 102400 0
1058 124564582787 102400 0
1059 124564685408 102621 -221
1062 124564992387 102400 0
1063 124565094787 102400 0
1064 124565197187 102400 0
1065 124565299587 102400 0
1066 124565401987 102400 0
1067 124565504387 102400 0
1068 124565606787 102400 0
1069 124565709333 102546 -146
1070 124565811587 102254 146
1071 124565913987 102400 0
1072 124566016387 102400 0
1073 124566118826 102439 -39
1074 124566221187 102361 39
1075 124566323587 102400 0
1076 124566425987 102400 0
1077 124566528387 102400 0
1078 124566630787 102400 0
1079 124566733196 102409 -9
1080 124566835587 102391 9
1081 124566937987 102400 0
1082 124567040387 102400 0
1085 124567347587 102400 0
1086 124567449987 102400 0
1087 124567552387 102400 0
1088 124567654787 102400 0
1089 124567757187 102400 0
1090 124567859587 102400 0
1091 124567961987 102400 0
1092 124568064387 102400 0
1093 124568166787 102400 0
1094 124568269187 102400 0
1097 124568576387 102400 0
1098 124568678787 102400 0
1099 124568781187 102400 0
1100 124568883587 102400 0
1101 124568985987 102400 0
1102 124569088387 102400 0
1103 124569190787 102400 0
1104 124569293187 102400 0
1105 124569395587 102400 0
1106 124569497987 102400 0
1107 124569600387 102400 0
1108 124569702787 102400 0
1109 124569805256 102469 -69
1110 124569907587 102331 69
1111 124570009987 102400 0
1112 124570112387 102400 0
1113 124570214787 102400 0
1114 124570317187 102400 0
1115 124570419587 102400 0
1116 124570521987 102400 0
1117 124570624387 102400 0
1118 124570726787 102400 0
1119 124570829187 102400 0
1120 124570931587 102400 0
1121 124571033987 102400 0
1122 124571136387 102400 0
1123 124571238787 102400 0
1124 124571341187 102400 0
1125 124571443587 102400 0
1126 124571545987 102400 0
1127 124571648387 102400 0
1128 124571750787 102400 0
1129 124571853187 102400 0
1130 124571955587 102400 0
1131 124572057987 102400 0
1132 124572160387 102400 0
1133 124572262787 102400 0
1134 124572365187 102400 0
1135 124572467587 102400 0
1136 124572569987 102400 0
1137 124572672387 102400 0
1138 124572774787 102400 0
1139 124572877353 102566 -166
1140 124572979587 102234 166
1141 124573081987 102400 0
1144 124573389187 102400 0
1145 124573491587 102400 0
1146 124573593987 102400 0
1149 124573901187 102400 0
1150 124574003587 102400 0
1151 124574105987 102400 0
1152 124574208387 102400 0
1153 124574310787 102400 0
1161 124574617987 102400 0
1168 124574925187 102400 0
1169 124575027587 102400 0
1170 124575129987 102400 0
1171 124575232387 102400 0
1172 124575334787 102400 0
1173 124575437187 102400 0
1174 124575540911 103724 -1324
1175 124575641987 101076 1324
1176 124575744387 102400 0
1177 124575846787 102400 0
1178 124575949187 102400 0
1179 124576051587 102400 0
1180 124576153987 102400 0
1181 124576256387 102400 0
1182 124576358787 102400 0
1183 124576461187 102400 0
1184 124576563587 102400 0
1185 124576665987 102400 0
1186 124576768387 102400 0
1187 124576870787 102400 0
1188 124576973187 102400 0
1189 124577075587 102400 0
1190 124577177987 102400 0
1191 124577280387 102400 0
1200 124577792387 102400 0
1201 124577894787 102400 0
1202 124577997187 102400 0
1203 124578099587 102400 0
1204 124578201987 102400 0
1205 124578304387 102400 0
1206 124578406787 102400 0
1207 124578509187 102400 0
1208 124578611587 102400 0
1209 124578713987 102400 0
1210 124578816387 102400 0
1211 124578918787 102400 0
1212 124579021187 102400 0
1213 124579123587 102400 0
1214 124579225987 102400 0
1215 124579328387 102400 0
1216 124579430787 102400 0
1217 124579533187 102400 0
