3686 120276070787 102400 0
3687 120276173187 102400 0
3688 120276275587 102400 0
3689 120276377987 102400 0
3690 120276480387 102400 0
3691 120276582787 102400 0
3692 120276685187 102400 0
3693 120276787587 102400 0
3694 120276889987 102400 0
3695 120276992387 102400 0
3696 120277094787 102400 0
3697 120277197187 102400 0
3698 120277299587 102400 0
3699 120277401987 102400 0
3700 120277504387 102400 0
3701 120277606787 102400 0
3702 120277709187 102400 0
3703 120277811587 102400 0
3704 120277913987 102400 0
3707 120278222953 104166 -1766
3708 120278323587 100634 1766
3709 120278425987 102400 0
3710 120278530755 104768 -2368
3711 120278630787 100032 2368
3712 120278733187 102400 0
3713 120278835587 102400 0
3714 120278937987 102400 0
3715 120279040387 102400 0
3716 120279142787 102400 0
3717 120279245187 102400 0
3718 120279347587 102400 0
3719 120279449987 102400 0
3720 120279552387 102400 0
3721 120279654787 102400 0
3722 120279757187 102400 0
3723 120279859587 102400 0
3724 120279961987 102400 0
3725 120280064387 102400 0
3726 120280166787 102400 0
3727 120280269187 102400 0
3728 120280371587 102400 0
3729 120280473987 102400 0
3730 120280576387 102400 0
3733 120280883587 102400 0
3734 120280985987 102400 0
3735 120281088387 102400 0
3736 120281190787 102400 0
3737 120281293187 102400 0
3738 120281395587 102400 0
3739 120281497987 102400 0
3740 120281600387 102400 0
3741 120281702787 102400 0
3742 120281805187 102400 0
3743 120281907604 102417 -17
3744 120282009987 102383 17
3745 120282112387 102400 0
3746 120282214787 102400 0
3747 120282317187 102400 0
3748 120282419587 102400 0
3749 120282521987 102400 0
3750 120282624387 102400 0
3751 120282726787 102400 0
3752 120282829187 102400 0
3753 120282931587 102400 0
3754 120283033987 102400 0
3755 120283136387 102400 0
3756 120283238787 102400 0
3759 120283545987 102400 0
3760 120283648387 102400 0
3761 120283750787 102400 0
3762 120283853187 102400 0
3763 120283955587 102400 0
3764 120284057987 102400 0
3765 120284160387 102400 0
3766 120284262787 102400 0
3767 120284365187 102400 0
3770 120284569987 101281 1119
3774 120284774787 102400 0
3775 120284877187 102400 0
3776 120284979587 102400 0
3777 120285081987 102400 0
3778 120285184387 102400 0
3779 120285286910 102523 -123
3780 120285389187 102277 123
3781 120285491587 102400 0
3782 120285594006 102419 -19
3783 120285696387 102381 19
3784 120285798787 102400 0
3785 120285901187 102400 0
3786 120286003587 102400 0
3787 120286105987 102400 0
3788 120286208387 102400 0
3791 120286515587 102400 0
3792 120286617987 102400 0
3793 120286720387 102400 0
3794 120286822787 102400 0
3795 120286925187 102400 0
3796 120287027587 102400 0
3797 120287129987 102400 0
3798 120287232387 102400 0
3799 120287334787 102400 0
3800 120287437187 102400 0
3801 120287539587 102400 0
3802 120287641987 102400 0
3803 120287744387 102400 0
3804 120287846787 102400 0
3805 120287949187 102400 0
3806 120288051711 102524 -124
3807 120288153987 102276 124
3808 120288256387 102400 0
3809 120288358787 102400 0
3810 120288461187 102400 0
3811 120288565808 104621 -2221
3812 120288666054 100246 2154
3813 120288768387 102333 67
3814 120288870787 102400 0
3815 120288973187 102400 0
3816 120289075587 102400 0
3817 120289177987 102400 0
3818 120289280387 102400 0
3819 120289382787 102400 0
3820 120289485187 102400 0
3821 120289587587 102400 0
3822 120289689987 102400 0
3823 120289792387 102400 0
3824 120289897353 104966 -2566
3827 120290201987 102400 0
3828 120290304387 102400 0
3829 120290406787 102400 0
3830 120290509187 102400 0
3831 120290611659 102472 -72
3832 120290713987 102328 72
3835 120291021187 102400 0
3836 120291123587 102400 0
3837 120291225987 102400 0
3838 120291328387 102400 0
3839 120291430787 102400 0
3840 120291533187 102400 0
3841 120291635587 102400 0
3842 120291737987 102400 0
3843 120291840387 102400 0
3844 120291942787 102400 0
3845 120292045187 102400 0
3846 120292147587 102400 0
3847 120292249987 102400 0
3848 120292352387 102400 0
3849 120292454787 102400 0
3850 120292557187 102400 0
3851 120292659619 102432 -32
3852 120292761987 102368 32
3853 120292864387 102400 0
3854 120292966787 102400 0
3855 120293069187 102400 0
3856 120293171587 102400 0
3857 120293273987 102400 0
3858 120293376387 102400 0
3859 120293478787 102400 0
3860 120293581187 102400 0
3861 120293683686 102499 -99
3862 120293785987 102301 99
3863 120293888387 102400 0
3864 120293990787 102400 0
3865 120294093187 102400 0
3866 120294195700 102513 -113
3867 120294297987 102287 113
3876 120294707587 102400 0
3877 120294809987 102400 0
3878 120294912387 102400 0
3879 120295014787 102400 0
3880 120295117187 102400 0
3881 120295219587 102400 0
3882 120295321987 102400 0
3883 120295424387 102400 0
3884 120295526787 102400 0
3885 120295629187 102400 0
3886 120295731754 102567 -167
3887 120295833987 102233 167
3888 120295936387 102400 0
3889 120296038787 102400 0
3890 120296141187 102400 0
3891 120296243587 102400 0
3892 120296345987 102400 0
3893 120296448387 102400 0
3894 120296550787 102400 0
3895 120296653187 102400 0
3896 120296755587 102400 0
3897 120296857987 102400 0
3898 120296960387 102400 0
3903 120297472387 102400 0
3904 120297574787 102400 0
3907 120297779587 102400 0
3908 120297881987 102400 0
3909 120297984387 102400 0
3910 120298086787 102400 0
3911 120298189187 102400 0
3912 120298291587 102400 0
3913 120298393987 102400 0
3914 120298496387 102400 0
3917 120298803733 102546 -146
3918 120298905987 102254 146
3919 120299008387 102400 0
3920 120299110787 102400 0
3921 120299213187 102400 0
3922 120299315587 102400 0
3923 120299417987 102400 0
3924 120299520387 102400 0
3925 120299622787 102400 0
3926 120299725187 102400 0
3927 120299827587 102400 0
3928 120299929987 102400 0
3929 120300032387 102400 0
3936 120300339587 102400 0
3937 120300441987 102400 0
3938 120300544387 102400 0
3939 120300646787 102400 0
3942 120300851587 102400 0
3943 120300953987 102400 0
3944 120301056387 102400 0
3945 120301158787 102400 0
3946 120301261187 102400 0
3947 120301363587 102400 0
3948 120301465987 102400 0
3949 120301568387 102400 0
3950 120301670787 102400 0
3951 120301773187 102400 0
3952 120301875587 102400 0
3953 120301977987 102400 0
3954 120302080387 102400 0
3955 120302182787 102400 0
3956 120302285187 102400 0
3957 120302387587 102400 0
3958 120302489987 102400 0
3959 120302592387 102400 0
3960 120302694787 102400 0
3961 120302797187 102400 0
3962 120302899698 102511 -111
3963 120303001987 102289 111
3964 120303104387 102400 0
3965 120303206787 102400 0
3968 120303513987 102400 0
3969 120303616387 102400 0
3970 120303718787 102400 0
3971 120303821187 102400 0
3972 120303923587 102400 0
3973 120304025987 102400 0
3974 120304128387 102400 0
3975 120304230787 102400 0
3976 120304333187 102400 0
3980 120304537987 102400 0
3981 120304640387 102400 0
3985 120304845187 102400 0
3986 120304947587 102400 0
3987 120305049987 102400 0
3988 120305152387 102400 0
3989 120305254787 102400 0
3990 120305357187 102400 0
3993 120305561987 102400 0
3994 120305664387 102400 0
3995 120305766787 102400 0
3996 120305869187 102400 0
3997 120305971587 102400 0
3998 120306073987 102400 0
3999 120306176387 102400 0
4000 120306278787 102400 0
4001 120306381187 102400 0
4002 120306483587 102400 0
4003 120306585987 102400 0
4004 120306688387 102400 0
4005 120306790787 102400 0
4006 120306893187 102400 0
4007 120306995587 102400 0
4008 120307097987 102400 0
4009 120307200387 102400 0
4010 120307302787 102400 0
4011 120307405187 102400 0
4012 120307507587 102400 0
4013 120307609987 102400 0
4014 120307712387 102400 0
4015 120307814787 102400 0
4016 120307917187 102400 0
4017 120308019587 102400 0
4018 120308121987 102400 0
4019 120308224387 102400 0
4020 120308326787 102400 0
4021 120308429187 102400 0
4022 120308531587 102400 0
4023 120308633987 102400 0
4024 120308736572 102585 -185
4025 120308838787 102215 185
4026 120308941187 102400 0
4027 120309043587 102400 0
4028 120309145987 102400 0
4029 120309248387 102400 0
4030 120309350787 102400 0
4031 120309453187 102400 0
4032 120309555587 102400 0
4033 120309657987 102400 0
4034 120309760387 102400 0
4035 120309862787 102400 0
4036 120309965187 102400 0
