3063 119848345987 102400 0
3064 119848448387 102400 0
3065 119848550787 102400 0
3066 119848653187 102400 0
3067 119848755587 102400 0
3068 119848857987 102400 0
3069 119848960387 102400 0
3070 119849062787 102400 0
3071 119849165187 102400 0
3072 119849267587 102400 0
3073 119849369987 102400 0
3074 119849472387 102400 0
3075 119849574787 102400 0
3076 119849677187 102400 0
3077 119849779587 102400 0
3078 119849881987 102400 0
3079 119849984387 102400 0
3080 119850086787 102400 0
3081 119850189296 102509 -109
3082 119850291587 102291 109
3083 119850393987 102400 0
3084 119850496387 102400 0
3085 119850598866 102479 -79
3086 119850701571 102705 -305
3087 119850803587 102016 384
3088 119850906006 102419 -19
3089 119851008387 102381 19
3090 119851110787 102400 0
3091 119851213187 102400 0
3094 119851520387 102400 0
3095 119851622787 102400 0
3100 119851929987 102400 0
3101 119852032387 102400 0
3102 119852134787 102400 0
3103 119852237187 102400 0
3104 119852339587 102400 0
3107 119852646787 102400 0
3108 119852749187 102400 0
3109 119852851587 102400 0
3110 119852953987 102400 0
3111 119853056387 102400 0
3112 119853158787 102400 0
3113 119853261187 102400 0
3116 119853465987 102400 0
3117 119853568387 102400 0
3118 119853671415 103028 -628
3119 119853773187 101772 628
3120 119853875587 102400 0
3121 119853977987 102400 0
3122 119854080387 102400 0
3123 119854182787 102400 0
3124 119854285187 102400 0
3125 119854387683 102496 -96
3126 119854489987 102304 96
3127 119854592387 102400 0
3128 119854694787 102400 0
3129 119854797187 102400 0
3130 119854899587 102400 0
3131 119855001987 102400 0
3132 119855104387 102400 0
3133 119855207667 103280 -880
3134 119855309187 101520 880
3135 119855413704 104517 -2117
3136 119855513987 100283 2117
3137 119855616387 102400 0
3138 119855718787 102400 0
3139 119855821187 102400 0
3140 119855923587 102400 0
3141 119856026023 102436 -36
3142 119856128387 102364 36
3143 119856230787 102400 0
3144 119856333222 102435 -35
3145 119856435587 102365 35
3146 119856537987 102400 0
3147 119856640387 102400 0
3148 119856742787 102400 0
3149 119856845187 102400 0
3150 119856947587 102400 0
3151 119857049987 102400 0
3152 119857152387 102400 0
3153 119857254803 102416 -16
3154 119857357187 102384 16
3155 119857459918 102731 -331
3156 119857561987 102069 331
3157 119857664387 102400 0
3158 119857768567 104180 -1780
3159 119857869187 100620 1780
3160 119857971587 102400 0
3161 119858073987 102400 0
3162 119858176413 102426 -26
3163 119858278787 102374 26
3164 119858381187 102400 0
3165 119858483587 102400 0
3166 119858585987 102400 0
3167 119858688387 102400 0
3168 119858790787 102400 0
3169 119858893187 102400 0
3170 119858997115 103928 -1528
3171 119859097987 100872 1528
3172 119859200387 102400 0
3173 119859302787 102400 0
3174 119859405187 102400 0
3175 119859507587 102400 0
3176 119859609987 102400 0
3177 119859712387 102400 0
3184 119860121987 102400 0
3185 119860224483 102496 -96
3186 119860326787 102304 96
3187 119860429187 102400 0
3188 119860531587 102400 0
3189 119860633987 102400 0
3190 119860736387 102400 0
3191 119860838787 102400 0
3192 119860941227 102440 -40
3193 119861043587 102360 40
3194 119861145987 102400 0
3195 119861248387 102400 0
3196 119861350787 102400 0
3197 119861453187 102400 0
3198 119861555587 102400 0
3199 119861657987 102400 0
3200 119861760387 102400 0
3201 119861862787 102400 0
3202 119861965187 102400 0
3203 119862067587 102400 0
3204 119862169987 102400 0
3205 119862272387 102400 0
3206 119862377147 104760 -2360
3207 119862477796 100649 1751
3208 119862579587 101791 609
3209 119862681987 102400 0
3210 119862784387 102400 0
3211 119862886787 102400 0
3212 119862989187 102400 0
3213 119863092158 102971 -571
3214 119863193987 101829 571
3215 119863296387 102400 0
3216 119863398891 102504 -104
3217 119863503102 104211 -1811
3218 119863603587 100485 1915
3219 119863706991 103404 -1004
3220 119863808387 101396 1004
3221 119863911424 103037 -637
3222 119864013187 101763 637
3223 119864119290 106103 -3703
3224 119864220777 101487 913
3225 119864320997 100220 2180
3226 119864423097 102100 300
3227 119864525826 102729 -329
3228 119864629818 103992 -1592
3229 119864729987 100169 2231
3230 119864832404 102417 -17
3231 119864936484 104080 -1680
3232 119865037187 100703 1697
3233 119865139587 102400 0
3234 119865241987 102400 0
3235 119865344387 102400 0
3236 119865446787 102400 0
3237 119865549298 102511 -111
3238 119865651587 102289 111
3241 119865958787 100749 1651
3242 119866061187 102400 0
3243 119866163587 102400 0
3244 119866265987 102400 0
3245 119866368387 102400 0
3246 119866470787 102400 0
3247 119866573187 102400 0
3248 119866675587 102400 0
3249 119866777987 102400 0
3250 119866880387 102400 0
3251 119866982787 102400 0
3252 119867085747 102960 -560
3253 119867187587 101840 560
3254 119867289987 102400 0
3255 119867392387 102400 0
3256 119867494992 102605 -205
3257 119867597187 102195 205
3258 119867699587 102400 0
3264 119868006787 102400 0
3265 119868109772 102985 -585
3266 119868211587 101815 585
3267 119868313987 102400 0
3268 119868416665 102678 -278
3269 119868518787 102122 278
3270 119868621187 102400 0
3271 119868723587 102400 0
3272 119868829867 106280 -3880
3273 119868931225 101358 1042
3274 119869030787 99562 2838
3277 119869337987 102400 0
3278 119869440387 102400 0
3279 119869542787 102400 0
3280 119869645872 103085 -685
3283 119869952387 102400 0
3284 119870054787 102400 0
3285 119870157187 102400 0
3286 119870259587 102400 0
3287 119870361987 102400 0
3288 119870464387 102400 0
3289 119870566787 102400 0
3292 119870771587 102400 0
3293 119870873987 102400 0
3294 119870976387 102400 0
3295 119871078787 102400 0
3296 119871181187 102400 0
3299 119871488387 102400 0
3300 119871590787 102400 0
3308 119871897987 102400 0
3309 119872001792 103805 -1405
3310 119872102787 100995 1405
3311 119872205187 102400 0
3312 119872307587 102400 0
3313 119872412163 104576 -2176
3314 119872512387 100224 2176
3315 119872614787 102400 0
3316 119872717187 102400 0
3317 119872819587 102400 0
3318 119872921987 102400 0
3319 119873024387 102400 0
3320 119873126787 102400 0
3321 119873229187 102400 0
3322 119873331587 102400 0
3323 119873433987 102400 0
3324 119873536387 102400 0
3325 119873638787 102400 0
3326 119873741187 102400 0
3327 119873843587 102400 0
3328 119873946797 103210 -810
3329 119874048387 101590 810
3330 119874150787 102400 0
3331 119874253187 102400 0
3332 119874355587 102400 0
3333 119874457987 102400 0
3334 119874560387 102400 0
3335 119874662787 102400 0
3336 119874765187 102400 0
3337 119874867587 102400 0
3338 119874969987 102400 0
3339 119875072387 102400 0
3340 119875174787 102400 0
3341 119875277187 102400 0
3342 119875379587 102400 0
3343 119875481987 102400 0
3344 119875584387 102400 0
3345 119875686787 102400 0
3346 119875789187 102400 0
3352 119876096387 102400 0
3353 119876198787 102400 0
3354 119876301187 102400 0
3355 119876403587 102400 0
3356 119876505987 102400 0
3357 119876608387 102400 0
3358 119876710787 102400 0
3359 119876813187 102400 0
3360 119876915587 102400 0
3361 119877017987 102400 0
3362 119877120387 102400 0
3363 119877222787 102400 0
3364 119877325187 102400 0
3365 119877427587 102400 0
3366 119877530399 102812 -412
3367 119877632387 101988 412
3370 119877837187 102400 0
3371 119877939587 102400 0
3372 119878041987 102400 0
3373 119878144387 102400 0
3374 119878246787 102400 0
3375 119878349187 102400 0
3376 119878451587 102400 0
3377 119878554186 102599 -199
3378 119878656407 102221 179
3379 119878758787 102380 20
3380 119878861187 102400 0
3381 119878963587 102400 0
3382 119879065987 102400 0
3383 119879169027 103040 -640
3392 119879680387 102400 0
3393 119879782787 102400 0
3396 119880089987 102400 0
3397 119880192387 102400 0
3398 119880297069 104682 -2282
3399 119880397187 100118 2282
3400 119880499587 102400 0
3401 119880601987 102400 0
3402 119880704387 102400 0
3403 119880806787 102400 0
3404 119880909187 102400 0
3405 119881011587 102400 0
3406 119881113987 102400 0
3407 119881216387 102400 0
3408 119881318787 102400 0
3411 119881625987 102400 0
3412 119881728387 102400 0
3413 119881830787 102400 0
3414 119881933187 102400 0
3415 119882035587 102400 0
3416 119882137987 102400 0
3417 119882240387 102400 0
3418 119882342944 102557 -157
3429 119882957187 102400 0
