2948 119089049987 102400 0
2949 119089152387 102400 0
2950 119089254787 102400 0
2951 119089357187 102400 0
2952 119089459587 102400 0
2953 119089561987 102400 0
2954 119089664412 102425 -25
2955 119089766787 102375 25
2956 119089869187 102400 0
2957 119089971587 102400 0
2958 119090073987 102400 0
2959 119090176387 102400 0
2960 119090278787 102400 0
2961 119090381187 102400 0
2962 119090483587 102400 0
2963 119090585987 102400 0
2964 119090688387 102400 0
2965 119090790822 102435 -35
2966 119090893187 102365 35
2967 119090995587 102400 0
2968 119091097987 102400 0
2969 119091200387 102400 0
2970 119091302787 102400 0
2971 119091405187 102400 0
2972 119091507587 102400 0
2973 119091609987 102400 0
2974 119091712387 102400 0
2975 119091814787 102400 0
2978 119092121987 102400 0
2979 119092224387 102400 0
2980 119092326787 102400 0
2981 119092429187 102400 0
2982 119092531587 102400 0
2983 119092633987 102400 0
2984 119092736387 102400 0
2985 119092838787 102400 0
2986 119092941187 102400 0
2987 119093043587 102400 0
2988 119093145987 102400 0
2989 119093248387 102400 0
2990 119093350787 102400 0
2991 119093453187 102400 0
2992 119093555587 102400 0
2993 119093657987 102400 0
2994 119093760387 102400 0
2995 119093862787 102400 0
2996 119093965187 102400 0
2997 119094067587 102400 0
2998 119094169987 102400 0
2999 119094272387 102400 0
3000 119094374787 102400 0
3001 119094477187 102400 0
3002 119094579587 102400 0
3003 119094682068 102481 -81
3004 119094784387 102319 81
3005 119094886787 102400 0
3006 119094989187 102400 0
3007 119095091587 102400 0
3008 119095193987 102400 0
3009 119095296387 102400 0
3010 119095398787 102400 0
3015 119095910787 102400 0
3016 119096013187 102400 0
3017 119096115587 102400 0
3020 119096422787 102400 0
3021 119096525187 102400 0
3022 119096627587 102400 0
3023 119096729987 102400 0
3024 119096832387 102400 0
3025 119096934787 102400 0
3026 119097037187 102400 0
3027 119097139587 102400 0
3028 119097241987 102400 0
3029 119097344387 102400 0
3030 119097446787 102400 0
3031 119097549187 102400 0
3032 119097651587 102400 0
3035 119097958787 102400 0
3036 119098061187 102400 0
3037 119098163587 102400 0
3038 119098265987 102400 0
3039 119098368387 102400 0
3040 119098470787 102400 0
3041 119098573187 102400 0
3042 119098675587 102400 0
3043 119098777987 102400 0
3044 119098880387 102400 0
3045 119098982787 102400 0
3046 119099085187 102400 0
3047 119099187587 102400 0
3048 119099289987 102400 0
3049 119099392387 102400 0
3050 119099494787 102400 0
3051 119099597187 102400 0
3052 119099699587 102400 0
3053 119099801987 102400 0
3054 119099904387 102400 0
3055 119100006787 102400 0
3056 119100109187 102400 0
3057 119100211587 102400 0
3058 119100313987 102400 0
3059 119100416387 102400 0
3060 119100518787 102400 0
3061 119100621187 102400 0
3064 119100825987 102400 0
3065 119100928387 102400 0
3066 119101030787 102400 0
3067 119101133187 102400 0
3068 119101235587 102400 0
3069 119101337987 102400 0
3070 119101440387 102400 0
3071 119101542787 102400 0
3072 119101645187 102400 0
3073 119101747587 102400 0
3074 119101849987 102400 0
3075 119101952387 102400 0
3076 119102054787 102400 0
3077 119102157187 102400 0
3078 119102259587 102400 0
3082 119102464387 102400 0
3083 119102566787 102400 0
3084 119102669187 102400 0
3085 119102771587 102400 0
3086 119102873987 102400 0
3087 119102976387 102400 0
3088 119103078787 102400 0
3089 119103181187 102400 0
3090 119103283587 102400 0
3091 119103385987 102400 0
3092 119103488387 102400 0
3093 119103590787 102400 0
3094 119103693187 102400 0
3095 119103795587 102400 0
3096 119103897987 102400 0
3101 119104205187 102400 0
3102 119104307587 102400 0
3103 119104409987 102400 0
3104 119104512387 102400 0
3105 119104614787 102400 0
3106 119104717187 102400 0
3107 119104819587 102400 0
3108 119104921987 102400 0
3109 119105024387 102400 0
3110 119105126787 102400 0
3111 119105229187 102400 0
3112 119105331587 102400 0
3113 119105433987 102400 0
3114 119105536387 102400 0
3115 119105638787 102400 0
3116 119105741187 102400 0
3119 119106048387 102400 0
3120 119106150787 102400 0
3121 119106253187 102400 0
3122 119106355587 102400 0
3123 119106457987 102400 0
3124 119106560387 102400 0
3125 119106662787 102400 0
3126 119106765187 102400 0
3127 119106867587 102400 0
3128 119106969987 102400 0
3129 119107072387 102400 0
3130 119107174787 102400 0
3131 119107277187 102400 0
3132 119107379587 102400 0
3133 119107481987 102400 0
3134 119107584387 102400 0
3135 119107686787 102400 0
3136 119107789187 102400 0
3137 119107891587 102400 0
3138 119107993987 102400 0
3139 119108096387 102400 0
3140 119108198787 102400 0
3143 119108505987 102400 0
3144 119108608387 102400 0
3145 119108710787 102400 0
3146 119108813187 102400 0
3147 119108915587 102400 0
3148 119109017987 102400 0
3149 119109120387 102400 0
3150 119109222787 102400 0
3151 119109325187 102400 0
3152 119109427587 102400 0
3153 119109529987 102400 0
3154 119109632387 102400 0
3155 119109734787 102400 0
3156 119109840411 105624 -3224
3159 119110041987 102400 0
3162 119110349187 102400 0
3163 119110451627 102440 -40
3164 119110553987 102360 40
3165 119110656387 102400 0
3166 119110758787 102400 0
3167 119110861187 102400 0
3168 119110963587 102400 0
3169 119111065987 102400 0
3170 119111168387 102400 0
3171 119111270787 102400 0
3172 119111373187 102400 0
3173 119111475587 102400 0
3174 119111577987 102400 0
3175 119111680387 102400 0
3176 119111782787 102400 0
3177 119111885187 102400 0
3178 119111987587 102400 0
3179 119112089987 102400 0
3180 119112192387 102400 0
3181 119112294787 102400 0
3182 119112397187 102400 0
3183 119112499587 102400 0
3184 119112601987 102400 0
3185 119112704387 102400 0
3186 119112806787 102400 0
3187 119112909187 102400 0
3190 119113113987 102400 0
3191 119113216387 102400 0
3192 119113318787 102400 0
3198 119113625987 102400 0
3199 119113728387 102400 0
3200 119113830787 102400 0
3201 119113933187 102400 0
3202 119114035587 102400 0
3203 119114137987 102400 0
3204 119114240387 102400 0
3205 119114342787 102400 0
3206 119114445357 102570 -170
3207 119114547587 102230 170
3208 119114649987 102400 0
3209 119114752387 102400 0
3210 119114854787 102400 0
3211 119114957187 102400 0
3212 119115059587 102400 0
3213 119115161987 102400 0
3214 119115264387 102400 0
3215 119115366787 102400 0
3216 119115469187 102400 0
3217 119115571587 102400 0
3218 119115673987 102400 0
3219 119115776387 102400 0
3220 119115878787 102400 0
3221 119115981187 102400 0
3222 119116083587 102400 0
3223 119116185987 102400 0
3224 119116288387 102400 0
3225 119116390787 102400 0
3226 119116493187 102400 0
3227 119116595587 102400 0
3228 119116697987 102400 0
3229 119116800387 102400 0
3230 119116902803 102416 -16
3231 119117005187 102384 16
3232 119117107596 102409 -9
3233 119117209987 102391 9
3234 119117312387 102400 0
3235 119117414787 102400 0
3236 119117518448 103661 -1261
3237 119117622536 104088 -1688
3238 119117721987 99451 2949
3239 119117824387 102400 0
3240 119117926787 102400 0
3241 119118029187 102400 0
3242 119118131587 102400 0
3243 119118233987 102400 0
3244 119118336387 102400 0
3245 119118438855 102468 -68
3246 119118541187 102332 68
3247 119118643587 102400 0
3248 119118745993 102406 -6
3249 119118848387 102394 6
3250 119118950787 102400 0
3251 119119053187 102400 0
3252 119119155587 102400 0
3255 119119462791 102404 -4
3260 119119974787 102400 0
3265 119120486787 101038 1362
3266 119120589187 102400 0
3267 119120691587 102400 0
3268 119120793987 102400 0
3269 119120896387 102400 0
3270 119120998787 102400 0
3271 119121101187 102400 0
3272 119121203587 102400 0
3273 119121305987 102400 0
3274 119121408387 102400 0
3275 119121510787 102400 0
3276 119121613187 102400 0
3277 119121715587 102400 0
3278 119121817987 102400 0
3279 119121920387 102400 0
3280 119122022787 102400 0
3281 119122125231 102444 -44
3282 119122227587 102356 44
3283 119122329987 102400 0
3284 119122432387 102400 0
3285 119122534787 102400 0
3286 119122637187 102400 0
3287 119122739587 102400 0
3288 119122841987 102400 0
3289 119122944387 102400 0
3290 119123046787 102400 0
3291 119123152700 105913 -3513
