102400
102400
102400
102400
102400
102400
102443
102357
102400
102400
102400
102400
102428
102372
102400
102400
102400
102400
102400
102400
102552
102248
102419
102381
102400
102419
102400
102400
102400
102400
102400
102400
102400
102400
102400
102400
102400
102400
102400
102400
102400
102400
102409
102391
102400
102400
102400
102400
102400
102400
103964
100836
102400
102400
102400
102400
102400
102400
102400
102400
102400
102400
102400
102400
102400
102400
102421
102379
102400
102400
102400
102400
102400
102400
102400
102400
102400
102400
102400
102400
102400
102400
102400
102400
102400
102400
102400
102400
102400
102400
102577
102223
102400
102400
102530
102270
102400
102400
102400
102400
