102400
102400
102400
102400
102423
102377
102198
102391
102400
102400
102406
102394
102503
102297
102400
102400
102400
102400
102400
102569
102231
102400
102400
102400
102400
102400
103539
101261
102400
102400
102400
102400
102400
102400
102400
102400
102400
102400
102400
102400
102400
102400
102400
102400
102400
102400
102400
102400
102400
102400
102400
102400
102400
102400
102400
102400
102400
102406
102394
102400
102400
102400
102400
102400
102400
102400
102400
102400
102400
102400
102400
103793
101007
102400
102400
102400
102400
102400
102400
102400
102400
102400
102400
102400
102400
102400
102400
102400
103981
100819
102400
102400
102400
102400
102400
102400
102400
102400
102400
102400
