102400
102400
102400
102400
102400
102400
102400
102400
103805
100995
102400
102400
104576
100224
102400
102400
102400
102400
102400
102400
102400
102400
102400
102400
102400
102400
102400
103210
101590
102400
102400
102400
102400
102400
102400
102400
102400
102400
102400
102400
102400
102400
102400
102400
102400
102400
102400
102400
102400
102400
102400
102400
102400
102400
102400
102400
102400
102400
102400
102400
102812
101988
102400
102400
102400
102400
102400
102400
102400
102599
102221
102380
102400
102400
102400
103040
102400
102400
102400
102400
104682
100118
102400
102400
102400
102400
102400
102400
102400
102400
102400
102400
102400
102400
102400
102400
102400
102400
102557
102400
