102400
102400
102511
102289
102400
102400
102400
102400
102400
102400
102400
102400
103755
101045
102400
102400
102400
102506
102294
102400
100245
102400
102400
102400
102400
102400
102400
104095
100705
102400
102400
102400
102400
105057
99757
102386
102400
102400
102400
102400
102400
102400
102400
102400
102400
102400
102400
102400
102400
102400
102400
102400
102400
102400
102400
102760
102040
102400
102410
102400
102400
102425
102375
102400
102400
102400
102400
102400
102400
102400
102400
102400
102400
102400
102400
102400
102400
102400
102400
102400
103344
101456
103546
101254
102400
102400
102400
102400
102400
102400
102400
102400
102400
102400
102400
102400
102400
102400
102400
104164
