102400
102400
102400
102400
102400
102400
102400
102400
102400
102400
102400
102400
102400
102400
102400
102400
102400
102400
102400
102400
102400
102400
102400
102400
102400
102400
102400
103448
101352
102400
102400
102400
102400
102400
102400
102400
102400
102400
102400
102400
102400
102400
102400
102400
102400
102400
102400
102400
102400
102400
102400
102400
102428
102372
102400
102400
102400
102400
104456
100344
102400
102400
102400
102400
102400
102400
102400
102400
102400
102400
102400
102400
102400
102400
102400
102400
104521
100279
102400
102400
102400
102400
102400
102400
102400
102400
102400
102400
102400
102400
102400
102410
102396
102394
102400
102400
102400
102400
102400
102400
