102400
102400
102400
102400
102400
102400
102496
102304
102400
102400
102400
102400
102400
102440
102360
102400
102400
102400
102400
102400
102400
102400
102400
102400
102400
102400
102400
104760
100649
101791
102400
102400
102400
102400
102971
101829
102400
102504
104211
100485
103404
101396
103037
101763
106103
101487
100220
102100
102729
103992
100169
102417
104080
100703
102400
102400
102400
102400
102511
102289
100749
102400
102400
102400
102400
102400
102400
102400
102400
102400
102400
102960
101840
102400
102400
102605
102195
102400
102400
102985
101815
102400
102678
102122
102400
102400
106280
101358
99562
102400
102400
102400
103085
102400
102400
102400
102400
102400
102400
102400
