102400
102400
102408
102392
102400
102400
102400
102400
102400
102400
102400
102510
102290
102400
102400
102400
102400
102400
102400
102400
102396
102400
102400
102400
102400
102400
102400
102400
102400
102400
102400
102400
102400
102419
102381
102400
102400
102400
102400
102400
102400
102400
102400
102400
102400
102400
102400
102400
102400
102400
102400
102400
102400
102507
102293
102400
102400
102400
102400
102400
102400
102400
102400
102400
102400
102400
102400
102400
102400
102400
102400
102400
102400
102400
102400
102400
102400
102400
102400
102400
102400
102400
102514
102286
102400
102400
102400
102400
102400
102400
102400
102400
102400
102400
102400
102400
102400
102400
102400
102413
