102400
102400
101699
102400
102400
102400
102400
102400
102400
102400
102400
102400
102400
102400
102400
102400
102400
102400
102400
102400
102400
102400
102400
102400
102426
102374
102400
102400
102400
102400
102400
102400
102400
102400
102400
102400
102400
102400
102533
102267
102400
102400
102400
102400
102400
102400
102400
102400
102400
102400
102400
102400
104404
100396
102400
102400
102400
102400
102400
102400
102400
102400
102400
102400
102400
102400
102400
102400
102400
102400
102400
102400
102400
102400
102400
102400
102400
102400
102400
102400
102400
102400
102400
102400
102400
102408
102392
102400
102400
102400
102400
102400
102400
102400
102400
102400
102400
102400
102400
102400
