102400
102400
102400
102400
102400
102400
102541
102259
102400
102400
102400
102400
102400
102400
102412
102388
102400
102400
102400
102400
102400
102400
102400
102400
102400
102400
102400
102400
102506
102294
102400
102400
102400
102400
102400
102400
102400
102400
102400
102400
102400
102437
102363
102400
102400
102400
102400
102400
102400
102400
102400
102400
102400
102400
102400
102400
102400
102400
102400
102400
102400
102433
102367
102400
102400
102400
102400
102400
102400
102400
102400
102400
102400
102400
102400
102400
102400
102400
102400
102400
102400
102400
102400
102400
102400
102400
102400
102400
102400
102400
102400
102400
102400
102400
102400
102400
102400
102400
102400
102400
