102400
102400
102400
102400
102400
102400
102400
102524
102276
102400
102400
102400
104621
100246
102333
102400
102400
102400
102400
102400
102400
102400
102400
102400
102400
104966
102400
102400
102400
102400
102472
102328
102400
102400
102400
102400
102400
102400
102400
102400
102400
102400
102400
102400
102400
102400
102400
102400
102432
102368
102400
102400
102400
102400
102400
102400
102400
102400
102499
102301
102400
102400
102400
102513
102287
102400
102400
102400
102400
102400
102400
102400
102400
102400
102400
102567
102233
102400
102400
102400
102400
102400
102400
102400
102400
102400
102400
102400
102400
102400
102400
102400
102400
102400
102400
102400
102400
102400
102546
102254
