102400
102400
102400
102400
102400
102400
102400
102400
102402
102398
102400
102400
102400
102400
102400
102400
102400
102400
102400
102400
102400
102471
102329
102400
102400
99904
102400
102400
102400
102400
102400
102400
102435
102365
102400
102400
102400
102400
102400
104562
100238
102400
102400
102400
102400
102400
102400
102400
102400
102400
102400
102400
102400
102400
102400
102400
102400
102400
102495
102305
102400
102400
102400
102400
102400
102400
102400
102865
101935
102400
102400
102400
102400
102400
102400
102400
102400
102400
102400
102576
102224
102400
102400
102400
102400
102400
102400
102400
102400
102400
102400
102775
102025
102589
102211
102400
102400
102400
102400
102400
