102400
102400
102400
102400
102400
102429
102372
102399
102400
102400
102400
102400
102400
102400
102400
102400
102400
102400
102400
102400
102400
102400
102400
102400
104126
100674
102400
102400
102400
102400
102400
102400
102400
102400
102400
102400
102400
102400
102400
102400
102400
102400
102400
102400
102400
102400
102400
102400
103718
100520
102400
102400
102400
102400
102400
102400
102289
102400
102400
102400
102400
102400
102400
102400
102400
102400
102400
102400
102400
102400
102400
102400
102400
102400
102400
102400
102400
102400
102400
102400
102400
102400
102824
101976
102400
102400
102400
102973
101827
102400
103423
101377
102400
102435
102365
102400
102400
102400
102400
102400
