102400
102400
102400
102400
102400
102400
102429
102371
102400
102400
102400
102400
102400
102400
102400
102400
102400
102400
102400
102400
102400
102400
102400
102400
102400
102400
102400
102400
102400
104669
100131
102400
102400
102400
102400
102400
102400
102400
102400
102400
102400
102400
102400
102400
102400
102400
102400
102400
102400
102400
102400
102400
102400
102400
102400
102400
102431
102369
102400
102400
102400
102400
102400
102400
102572
102228
102400
102400
102400
102400
102400
102400
102400
102400
102400
102400
102400
102400
102568
102232
102400
102400
102400
102400
102400
102400
102400
102400
102400
102400
102400
102400
102400
102400
102400
102400
102400
102400
102400
102400
