102400
102400
102400
102400
102400
102400
102400
102400
102400
102400
102400
102400
102400
102400
102400
102400
102400
102400
102400
102437
102491
102309
102400
102400
102400
102400
102400
102400
102400
102400
102400
102400
102400
102400
102400
102400
102400
102400
102433
102367
102400
102400
102400
102400
102400
102400
102400
102400
102400
102400
102400
102400
102400
102400
102400
102400
102400
102400
102400
102400
102400
102400
102400
102400
102400
102400
102400
102400
102400
102400
102400
102400
102400
102400
102400
102400
102400
102400
102400
103080
102400
102400
102400
102400
102400
102400
102400
102400
102400
102400
102400
102400
102400
102400
102400
102400
102400
102400
102400
102400
