102400
102400
102400
102400
102400
102400
102414
102386
102400
102400
102400
102400
102400
102400
102400
102400
102400
102400
102400
102400
102400
102400
102400
102400
102400
102400
102400
102400
102400
102400
102400
102400
102400
102400
102400
102400
102400
102400
102400
102400
102400
102400
102400
104259
100541
102400
102400
102400
102400
102400
102400
102984
102400
102400
102400
102400
102400
102400
102400
102400
102400
103596
101204
102400
102400
102400
102400
102400
102400
102400
102400
102400
102400
102400
102400
102400
102400
102400
102400
102400
102400
102400
102400
102400
102421
102379
102400
102400
102448
102352
102400
102400
102400
102400
102400
102400
102400
102400
102400
102400
