102400
102400
102400
102400
102400
102400
102400
102400
102400
102400
102400
102400
102400
102400
102400
102400
102400
102400
102400
102400
102400
102400
102400
102400
102400
102429
102371
102400
102400
102400
102400
102400
102400
102847
101953
102400
102400
102400
102546
102254
102400
102400
102938
101862
102400
102400
102400
102400
102400
102400
102400
102400
102400
102400
102400
104316
100484
102400
102400
102400
103952
100848
104148
102400
102400
102400
102400
102400
102400
102400
102400
102400
102400
102400
102400
102400
102400
102400
102400
102400
102400
102400
102481
102319
102400
102400
102400
102439
102361
102400
102400
102400
102432
102368
102400
102400
102400
102400
102400
102400
