102228
102400
102400
102400
102405
102395
102400
102400
102400
102400
102400
102400
102400
102400
102444
102356
102400
102400
102400
102400
102400
102400
102400
102400
102549
102251
102400
102400
102400
102400
102400
102400
109337
95498
102365
102400
102400
102400
102400
102400
102400
102400
102517
102283
102400
102400
102400
102400
102431
102369
102400
102400
102400
102400
102400
102400
102400
102400
102400
102400
102400
102400
102400
102400
102405
102395
102400
102400
102400
102400
102400
102400
102400
102400
102400
102400
102400
102407
102400
102400
102400
102400
102400
102400
102400
102400
102400
102400
102400
102400
102400
102400
102400
102400
102400
102400
102400
102400
102400
102400
