102400
102400
102400
102400
102400
102400
102400
102400
102400
102400
102400
102400
102442
102358
102400
102400
102400
102400
102400
102400
102400
102495
102305
102400
102400
102400
102400
102400
102400
102400
102400
102400
102400
102400
102400
102400
102400
102400
102400
102400
102400
102400
102400
102400
102400
102400
102400
102400
102400
102400
102400
102400
102400
102400
102400
102400
102400
102400
102400
102400
102400
102400
102400
102400
102400
102400
102400
102400
102400
102400
102400
102400
102441
102359
102400
102400
102400
102400
102400
102400
102400
102400
102400
102400
102400
102400
102400
104316
100484
102400
102400
102400
102400
102400
102400
102400
102422
102378
102400
102400
