102400
102400
103882
100918
102400
102400
102400
102400
102400
102400
102400
102400
102400
102400
102400
102400
102400
102400
102400
102400
102400
102400
102400
102400
102400
102400
102400
102400
102400
102400
102400
102400
102400
102400
102400
102400
102400
102400
102400
102400
102400
102400
102400
102402
102398
102549
102251
102400
102400
102400
102400
102400
102400
102400
102400
102400
102400
102400
102400
102400
102400
102400
102400
102400
102400
102400
102400
102400
102400
102400
102400
102400
102400
102400
102400
102435
102365
102400
102400
102400
102400
102400
102400
102400
102400
102400
102400
102400
102400
102400
102400
104847
99953
102919
101881
102400
102400
102400
102400
102400
