102400
102400
102400
102400
102400
102400
102400
102400
102400
102400
102400
102400
102400
102400
102400
102400
104161
100737
102302
102400
102400
102400
102400
102445
102400
102400
102400
102400
102400
102400
102400
102400
102400
102400
102400
102400
102400
102400
102400
102400
102400
102564
102562
102400
102400
102400
102400
102400
102657
102143
102400
102400
102400
102400
102400
102400
104422
102400
102400
102400
102400
102400
102400
102400
102400
102400
102400
102400
102400
102400
102400
102400
102400
102400
102400
102400
102400
102400
102400
102466
102400
102400
102400
102400
102400
102400
102400
102400
102400
102400
102398
102400
102400
102400
102400
102400
102400
102400
102400
102400
