102400
102400
102400
102400
102400
102400
102400
102400
102400
102400
102400
102400
102400
102400
102400
102400
102400
102400
102400
102400
106253
98547
102400
102414
102386
102400
102400
102400
102400
102400
102400
102400
102400
102400
102400
102400
102425
102400
102534
102399
102267
102400
102400
102400
102400
102400
102400
102400
102400
102400
102400
102400
102400
102400
102400
102400
102400
102400
102400
102402
103471
101327
102400
102400
102400
102400
102400
102625
102175
102400
102400
102400
102400
102400
102400
102400
102400
102400
102400
102400
102425
102375
102400
102400
102400
102400
102400
102400
102400
102400
102927
101873
102400
102400
102431
102369
102400
102400
102400
102400
