102400
102400
102400
102400
102400
102400
102400
102400
102400
102400
102400
102400
102400
102400
102446
102354
102400
102400
102400
102400
102400
102400
102400
102507
102327
102366
102400
102400
102400
102400
102400
102400
102400
102400
102400
102400
102400
102400
102400
102400
102400
102400
102400
102400
102400
102400
102400
102400
102400
102400
102400
102400
102400
102400
102400
102400
102400
102400
102400
102400
102400
102400
102400
102400
102400
102400
102400
102400
102400
102400
102400
102400
102400
102400
102400
102400
102400
102400
102400
102400
102400
102400
102400
102400
102400
102400
102400
102400
102400
102400
102400
102400
102400
102400
106860
97940
102400
102411
102389
102400
