102400
102400
102400
102400
102562
102238
102400
102400
102400
102400
102400
102400
102400
102400
102400
102400
102400
102400
102400
102400
102400
102400
102400
102400
102400
102400
102400
102512
102288
102400
102400
102400
102400
102400
102400
102400
102400
102400
102577
102223
102400
102400
102587
102213
102400
102400
102400
102400
102400
103270
101530
102400
102400
102400
102400
102400
102400
102400
102417
102383
102400
102400
102400
102400
102400
102400
102400
102400
102400
102400
102400
102400
102400
102400
102400
102400
102400
102400
102400
102400
102400
102400
102400
102400
102400
102400
102400
102400
102400
102400
102400
102400
102400
102400
102400
102400
102400
102442
102358
102400
