102400
102400
102400
102445
102355
102400
102400
102423
102377
102400
102400
102400
102400
102400
102400
102404
102396
102400
102400
102400
102400
102400
102400
102400
102400
102400
102400
102400
102400
102400
102400
102400
105064
99736
102400
102400
102400
102400
102400
102400
102527
102273
102400
102405
102395
102400
102400
102400
102400
102400
102400
102400
102400
102400
102400
102400
102400
102400
102400
102400
102400
102400
102400
102400
102400
102400
102400
102400
102400
102400
102400
102400
102400
102400
107451
97349
102400
102400
102400
102400
102400
102400
102400
102471
102329
102400
102400
102400
102400
102400
102400
102400
102400
102400
102400
102400
102789
102011
102400
102400
