102400
102400
102400
102400
102400
102400
102400
102400
102400
102400
102400
102400
102400
102400
102400
102508
102292
102400
99096
102400
102400
102400
102400
102400
102400
102400
102400
102417
102383
102400
102400
102400
102400
102400
102400
102400
102400
102400
102400
102400
102400
102400
102400
102400
102400
102400
102400
102400
102400
102400
102400
102400
102400
102400
102400
102400
102400
102400
102400
102400
102408
102729
102063
102400
102485
102358
102357
102400
102400
102400
102400
102400
102400
102400
102400
102400
102437
102363
102400
102400
102400
102400
102400
102400
102400
102400
102400
102400
102400
102441
102359
102400
102400
102400
102400
102400
102400
102400
102400
102611
