102400
102400
102400
102400
102400
102400
102400
102400
102400
102400
102400
102400
102400
102400
102400
102400
102400
102400
103540
102400
102400
102400
102400
102400
102400
102400
102400
102400
102400
102400
102400
102400
102400
104919
99889
102392
102400
102400
102400
102400
102400
106948
99310
100942
102400
102400
102400
102400
102400
102400
102400
102400
102400
102400
102400
102400
102400
102400
102400
102400
102400
102400
102400
102400
102400
102400
102400
102400
102400
102400
102400
102400
102400
102400
102400
104244
100556
102400
102400
102400
102400
102400
102400
102400
102512
102288
102400
102400
102400
102400
102400
102400
103411
101389
102400
102400
102400
104099
102400
102400
