102400
102400
102400
102400
102400
102400
102400
102400
102400
102424
102376
102400
102400
102400
102400
102400
102400
102400
102400
102459
102341
102400
102400
102400
102498
102302
102400
102516
102456
102344
102400
102400
102400
102400
102400
102400
102400
102400
102400
102400
102400
102400
102400
102400
102400
102400
102400
102400
102400
102400
102400
102400
102400
102400
102400
102400
102400
102400
102415
102385
102527
102273
102400
102400
102400
102400
102400
102400
102400
102400
102400
102400
102400
102400
102400
102400
102400
102400
102400
102400
102400
102400
102400
102400
102400
102400
102400
102400
102400
102400
102400
102400
102400
102400
102400
102400
102400
102400
102400
102400
