103084
101716
102400
102400
102400
102400
102400
102400
102400
102441
102359
102400
102400
102400
102400
104659
100141
102400
102400
102400
102400
102400
102400
102400
102400
102400
102400
102400
102410
102390
102400
102400
102400
102400
102974
101826
102400
102400
102400
102400
102400
102400
102400
102400
102400
102400
102400
102400
102400
102400
102400
102400
102400
102400
102400
102400
102400
102400
102400
102400
102400
102525
102275
102400
102493
102307
102400
102400
102400
102961
103076
102400
102591
102209
102400
102400
102400
102400
102400
102400
102400
102400
102400
102400
102400
102400
102400
102400
102400
102400
102400
102400
102400
102400
102400
102400
102400
104207
100593
102400
