102387
102400
102400
102400
102400
102400
102400
102400
102400
102400
102400
102400
102400
102400
102400
102400
102404
102423
102373
102400
102400
102400
102400
102400
102400
102400
102400
102400
102400
102758
102042
102400
102400
102400
102400
102400
102400
102400
102400
102400
102400
102400
102400
102400
102400
102400
102400
102400
102400
102400
102400
102400
102400
102400
102441
102359
102400
102400
102409
102391
102400
102400
102400
102400
100940
102400
102400
102400
102400
102400
102400
102400
102400
102400
102579
102221
102400
102400
102400
102400
102400
102400
102400
102400
102400
102400
102553
102364
102283
102400
102400
102400
102400
102400
102400
102400
102400
102400
102400
102400
