102400
102400
102400
102400
102400
102400
102400
102400
102400
102434
102366
102400
102400
102400
102400
102400
102400
102400
102400
102400
102400
102400
102400
102400
102400
102400
102401
102439
102360
102400
102579
102221
102400
102400
102400
102400
102400
102400
102400
102400
102400
102400
102400
102400
102400
102400
102400
102400
102400
102400
102400
102400
102400
102400
102411
102389
102400
102400
102436
102364
102400
103386
101414
102400
102400
102400
102400
102400
102400
102400
102400
102400
102400
102400
102400
102400
102458
102427
102315
102400
102400
102400
102400
102400
102400
102400
102400
106871
97929
102400
102400
102400
102400
102400
102400
102400
102400
102400
102400
102400
