102400
102400
102400
102400
102400
102400
102400
102480
102320
102400
102400
103944
100856
102400
102400
102400
102400
102400
102400
102400
102400
102400
102400
102400
102400
102400
102400
102400
102400
102419
102381
102400
102400
102400
102400
102400
102400
102400
102400
102400
102400
102412
102388
102400
102400
102400
102412
102388
104523
102400
102400
102400
102400
102400
102400
102400
102400
102400
102400
102400
102400
102400
102400
102400
102400
102416
104958
99826
102400
102400
102400
102400
102400
102400
102400
102400
102400
102400
102400
102400
103852
100948
102400
102400
102400
102400
102400
102414
102386
102400
102247
102400
102526
102274
102400
102400
102400
102400
102400
102400
