102400
102400
102400
102400
102400
102428
102372
102400
102400
102400
102400
102400
102400
102400
102400
102400
102400
102400
102400
102400
102400
102400
102400
105383
99417
102400
102400
102400
102400
102400
102400
102400
102400
102400
102400
102400
102400
102505
102295
102400
102400
102400
102400
102400
102400
102400
104044
100756
102400
102400
102400
103321
101479
102400
102400
102400
102400
102400
102400
102400
102400
102400
102400
102400
102400
102400
102400
102400
102400
102400
102400
102400
102400
102400
102400
102400
102400
102400
102942
101863
102395
102400
102400
102402
102398
102400
102400
102956
101844
102437
102363
102400
102400
102400
102400
102400
102400
102400
102390
102400
