102302
102400
102408
102423
104960
99817
102400
102521
102279
102400
102400
102400
102400
102400
105761
99039
102400
102400
102475
102325
102400
102400
102400
102400
102400
102400
102400
102400
102400
102400
102400
102400
102400
102400
102400
102400
102400
102400
102400
102400
102400
102400
102400
102576
102276
102348
102400
102400
102400
102400
102400
102400
102400
102400
102400
102400
102400
102400
102400
104352
102400
102400
102400
102400
102400
102400
102400
103201
102400
102400
102400
102400
102400
102400
102400
102400
102400
102400
102400
102400
102400
102400
102511
102356
102333
102400
102400
104411
100389
102400
102400
102400
102400
102400
102400
102400
102400
102400
102400
102400
