102400
102400
102400
102400
102400
102400
102400
102400
102400
102400
102400
102400
102400
102400
102400
102400
102400
102400
102400
102400
102400
102400
102400
102400
102400
102400
102400
102430
102370
102400
102400
102400
102400
102400
102400
102400
102400
102400
102401
102399
102400
102400
102400
102400
102400
102400
102400
102400
102400
102400
102400
102400
102400
102400
102400
102402
102400
102400
102400
102400
102400
102400
102400
102413
102387
102400
102400
102400
102400
102400
102400
102400
102400
102400
102400
102400
102400
102400
102400
102400
102400
102400
102400
102400
102747
102053
102452
102348
102400
102400
102400
102400
102400
102400
102400
102400
102400
102400
102400
102400
