102402
102398
102400
102400
102400
102400
102400
102400
102400
102400
102400
102400
102400
102400
102400
102400
102400
102400
102400
102400
102400
102400
102400
102400
102400
102400
102400
102400
102400
102400
102421
102379
102400
104736
100064
102400
102400
102400
102400
102400
102400
102400
102400
102400
102400
102400
102400
102400
102409
102429
102371
102400
102400
102400
102400
102400
102400
102400
102400
102400
102400
102400
102400
102400
102400
102400
102400
102400
102400
102400
102400
102400
102400
102400
102400
102505
102295
102400
102400
102400
102400
102400
102400
102400
102400
102400
102400
102400
102400
102400
102400
102400
102402
102408
102392
102400
102400
102400
102400
102400
