102400
102400
102416
102384
102400
102400
102400
102400
102400
102400
102569
102231
102400
102400
102400
102400
102400
102400
102400
102400
102400
102400
102400
102400
102400
102400
102400
102400
102400
102400
102400
102400
102400
102400
102400
102427
102400
102400
102400
102400
102400
102400
102400
102400
102400
102400
102400
102400
102400
102400
101718
102400
102400
102400
102400
102400
102400
102400
102400
102400
101635
102400
102400
102400
102400
102400
102400
102400
102400
102400
102400
102400
102400
102400
102400
102400
102400
102400
102400
102400
102400
102400
102400
102400
102647
102153
102400
102400
103179
101621
102400
102400
103193
101607
102400
102400
102400
102400
102400
102400
