102400
102400
102400
102400
102400
102400
102400
102400
102400
102430
102370
102400
102449
102351
102400
102400
102400
102400
102400
102400
102400
102400
102400
102400
102400
102400
102411
102389
102400
102400
102400
102400
102400
102400
102400
102400
102400
102400
102400
102400
102400
102400
102400
102400
102400
102400
102400
102400
102400
102400
102400
102400
102500
102300
102400
102400
102400
102400
102400
102400
102400
102400
105228
102400
102400
102400
102400
102400
102400
102400
102400
102400
102400
102400
102400
102400
102400
102400
102400
102400
102400
102516
102284
102400
102400
102400
102400
102400
102400
102400
102400
102400
102400
102400
102400
102400
104456
100344
102400
102400
