102400
102400
102400
102400
102400
102400
102400
102426
102374
102400
102400
102400
102400
102400
102400
102400
102400
102461
102339
102400
102400
102400
102400
102400
102400
102400
102400
102400
102400
102400
102400
102400
102400
102400
102400
102400
102400
102400
102400
102400
102400
102400
102400
102400
102400
102400
102400
102400
102400
102413
102387
102400
102400
102400
102400
102400
102400
102400
102400
102400
102400
102400
102400
102400
104033
100691
102400
102400
102400
102400
102400
102400
102400
102572
102228
102400
102400
102400
102400
102400
102400
102400
102400
102481
102319
102400
102400
102400
102400
102400
102400
102400
102400
102400
102400
102400
102400
102400
102400
102400
