102400
102400
102726
110059
94785
102030
102400
102400
102400
102400
102400
102400
102400
102400
102400
102413
102387
102400
102400
102400
102400
102400
102400
102400
102400
102400
102400
102400
102400
102400
102400
102400
102400
102400
103297
101503
102400
102400
102400
102400
102400
102400
102400
102400
102400
102400
102400
102400
102400
102400
102400
102400
102400
102400
102400
102400
102400
102400
102400
102400
102400
102400
102400
102400
102400
102400
102400
102400
102400
102400
102400
102400
102467
102333
102400
102400
102400
102400
102400
102400
102400
102400
102400
102400
105981
98819
102400
102400
102400
109388
95412
105762
99038
102400
102400
102400
102400
102400
102400
102400
