98887
102400
102400
102400
102400
102400
102400
102400
102400
102400
102400
102469
102331
102400
102400
102400
102400
102400
102400
102400
102565
102235
102400
102400
102400
102400
102400
102400
102400
102400
102400
102400
102400
102400
102400
102400
102400
102400
102400
102400
102400
102400
102400
102400
102400
102400
102400
102400
102400
102424
102376
102400
102400
102400
102400
102400
102400
102400
102400
102400
102400
102400
102400
102400
102400
102400
102400
102400
102400
102400
102400
102415
102400
102400
102400
102400
102400
102400
102400
102400
102400
102400
102575
102225
102400
102400
102400
102400
102400
102400
102524
102276
102400
102400
102400
102400
102400
102475
102325
102400
