102400
102400
102400
102400
103207
102400
102400
102400
102400
102400
102400
102400
102400
102400
102400
102400
102400
102400
102400
102400
102400
102400
102400
102400
102400
102400
102400
102400
102400
102400
102400
102400
102400
102400
102400
102400
102400
102456
102344
102400
102400
102400
102400
102400
102400
102400
102400
102400
102400
102400
102400
102487
102313
102400
102400
102400
102400
102400
102400
102400
102400
102400
102404
102396
102400
102400
102400
102400
102400
102400
102400
102400
102400
102400
102400
102400
102400
102400
102400
102400
102400
102400
102400
102400
102400
102400
102400
102400
102400
102400
102400
102400
102400
102400
102400
102400
102400
102401
102399
102400
