102400
102400
102400
102400
102400
102400
102400
102400
102427
102373
102400
102400
102400
102400
102418
102382
103120
101680
102400
102406
102394
102400
102400
102400
102400
102400
102400
102400
102400
102400
102400
102400
102400
102400
102400
102400
102451
102349
102400
102400
102400
102400
102422
102378
102400
102400
102400
102400
102400
102400
102400
102400
102400
102400
102400
102400
102400
102400
102400
102400
102400
102400
103053
101747
102400
102400
102400
102400
102400
102400
102400
102400
102400
102400
102400
102400
102400
102400
102400
102400
102400
102430
102370
102400
102400
102400
102400
102400
102400
102400
103029
101771
102400
102400
102400
102400
102400
102400
102400
102400
