102400
102770
102030
102400
102558
102242
102400
102400
102400
102400
102400
102400
102400
102400
102400
102400
102400
102500
102300
102400
102400
102400
102400
102400
102400
102400
102421
102379
102400
102400
102400
102400
102400
102400
102400
102400
102400
102400
102400
102400
102400
102400
102400
102400
102400
102400
102400
102400
102400
102400
102400
102400
102400
102400
102400
102400
102400
102400
102400
102400
102400
102400
102400
102400
102400
102400
102400
102400
102400
102400
102400
102400
102400
102400
102400
102400
102400
102400
102400
102400
102400
102400
102400
102400
102400
102400
102400
102400
102400
102400
102400
102400
102400
102400
102400
102400
102400
102400
102400
102400
