102400
102400
102400
102400
102400
102400
102400
102400
102400
102400
102400
102400
102412
102542
102246
102400
102400
102400
102400
102400
102400
102400
102400
102400
102400
102400
102967
101833
102400
102400
102400
102400
102400
102400
102400
102400
102400
102400
102535
102265
102400
102400
102400
102400
102400
102400
102400
102400
102400
102400
104294
100506
102400
102400
102400
102400
102400
102400
102400
102400
102400
102400
102400
104190
100610
102400
102400
102400
102400
102400
102400
102400
102400
102400
102400
102400
102400
102400
102400
102400
102400
102506
102294
102400
102400
102400
102400
102400
102400
102400
102400
102400
102400
102400
102400
102400
102400
102400
102400
102400
