102400
102400
102400
102400
102381
102400
102400
102400
102400
102400
102400
102400
102400
102421
102379
102400
102400
102400
102400
102400
102400
102400
102400
102400
102400
102400
102400
102400
105496
102400
102400
102400
102400
102416
102384
102400
102400
102400
102400
102400
102400
102400
102369
102400
102400
102577
102223
102400
102400
102400
102400
103460
102377
102400
102400
104328
102400
102400
102630
102400
102400
102400
102400
102400
102400
102400
102400
102400
102400
102400
102379
102400
102400
102400
102400
102400
102400
102400
102210
102400
102400
102400
102400
102400
102400
104693
100107
102424
102376
102400
102400
102400
102400
102400
102400
102400
102400
102400
102400
102400
