102400
102400
102716
102084
103374
101505
102321
102400
102400
102400
102400
104023
100777
102400
102728
102072
102400
102400
102400
102400
102400
102400
104097
100703
102400
102400
102400
102400
102400
102400
102400
102400
102400
102400
102400
102400
102400
102400
102400
102400
102400
102400
102400
104108
100692
102487
102313
102400
102400
102400
102400
102400
102400
102400
102400
102482
102318
102400
102400
102400
102400
102400
102400
102871
101929
102400
102400
102400
102400
102400
102400
102400
102400
102400
102400
102400
102400
102400
102400
102400
102400
102400
102400
102400
102400
102400
102400
102400
102400
102400
102400
102400
102400
102401
102399
102400
102400
102400
102400
102400
