99945
102400
102400
102400
102400
102400
102400
102400
103443
101357
102400
102400
102400
102400
102400
102400
102402
102398
102400
102400
102400
102400
102400
102400
102400
102400
102400
102400
102400
102414
102386
102400
102400
102400
102400
102400
102400
102400
102400
102400
102400
102400
102400
102400
102400
102400
102400
102400
102400
102657
102143
102400
102400
102400
102400
102400
102400
102400
102400
102400
102400
102400
102400
102400
102400
102105
102400
102400
102400
102516
102284
102549
102251
102400
102400
102400
102400
102400
102400
102400
102400
102400
102400
102400
102400
102400
102400
102400
102400
102400
102400
102400
102400
102400
101034
102400
102400
102400
102400
102400
