102400
102400
102400
102400
102400
102400
104202
100598
102400
102400
102400
102400
102400
102400
102400
102400
102400
102400
103282
101518
102400
102400
102400
102400
102439
102361
102400
102400
102567
102233
102400
102400
102400
102400
102400
102400
102400
102400
102400
102400
102400
102400
102400
102400
102400
102400
102654
102146
102400
102400
102400
102400
102400
102400
102400
102400
102400
102400
102400
102400
102400
102400
102400
102400
102634
102166
102400
102400
102400
102400
102400
102400
102400
102400
102400
102400
102400
102400
102400
102400
102400
102400
102400
102400
102400
102400
102400
102400
102400
102400
102400
102400
102400
102400
102400
102400
102400
102400
102406
102394
