102400
102400
102400
102400
102400
102400
102400
102400
102400
102400
102400
102400
102415
102385
102400
102400
102400
102400
104260
100540
102400
102400
102400
102400
102400
102400
102400
102400
102400
102536
102400
102400
102400
102400
102445
102355
102400
102400
102400
102400
102400
102400
102400
102400
102400
102400
102400
102400
102400
102400
102400
102400
102400
102400
102400
102400
102400
102400
102400
102400
102400
102400
102400
102400
102400
102400
102400
102400
102400
102400
102400
102400
102400
102466
102334
102400
102400
102400
102417
102383
102400
102400
102400
102400
102400
102400
102400
102400
102400
102400
102400
102400
102400
102400
102400
102400
102400
102400
102400
102400
