102400
102400
102400
102400
102400
102400
102400
102422
102378
102400
102400
102406
102394
102400
102400
102505
102295
102401
102399
102455
102345
102400
102400
102400
102400
102554
102246
102400
102400
102400
102400
102400
102400
102551
102249
102400
102400
103665
101135
102400
102400
102400
102400
102400
102356
102400
102400
102400
102400
102400
102400
102400
102400
102400
102400
102717
102083
102400
102400
102400
102400
101157
102400
102400
102400
102421
103593
102941
100645
102400
102400
101180
102394
102400
102400
102400
102400
102400
102400
102400
102403
102586
102211
102400
102400
102400
102400
102400
102400
104057
100743
102400
102400
102400
102400
102400
102400
102400
103680
101120
