102400
102400
102400
102446
102368
102386
102400
102400
102271
102400
102400
102400
102525
102275
102400
102400
102400
102400
102400
102400
102400
102400
102400
102400
102400
102400
102400
102400
102400
102400
102400
102400
102408
102392
102400
102400
102400
102400
102400
102400
102400
102400
102400
102400
102400
102400
102432
102390
102378
102400
102400
102400
102400
102400
102974
101826
102400
102047
102400
102400
102400
102400
102400
102400
102400
102400
102400
102400
102400
102400
100050
102400
102400
102400
102400
102400
102400
102400
102400
102400
102400
102400
102400
102400
102400
102400
102400
102400
102400
102400
102400
102400
102400
102400
102400
102400
102402
102398
102400
102400
