102426
104358
100416
102400
102400
102400
102400
102400
102400
102400
102410
102390
102400
102400
102400
102400
102400
102400
102400
102400
102400
102574
102226
102400
102400
102400
102400
102400
102400
102400
102400
102400
102400
102400
102400
102400
102400
102400
102400
102400
102400
102400
104665
100135
102400
102400
102400
102400
102400
102400
102400
102400
102400
102400
102400
102400
102400
102400
102527
102273
102400
102400
102400
102400
102400
102400
102400
102400
102400
102400
102400
102400
102400
102400
102400
102400
102400
102400
102400
102400
102400
102400
102400
102400
102400
102400
102400
102400
100319
102400
102400
102400
102400
102400
102400
102400
102400
102400
102400
102400
