102400
102400
102400
102400
102400
102400
102400
102400
102400
102400
102400
102400
102400
102400
102400
102400
102400
102400
102400
102400
102400
102400
102400
102400
102400
102400
102400
102400
102400
102400
102400
102400
102400
102400
102400
102400
102400
102400
102400
102400
102400
102400
102400
102400
102415
102385
102400
102400
102400
102400
102400
102400
102400
102400
102400
102400
102400
102482
102318
102400
102400
102400
102400
102400
102400
102400
102400
102400
102400
102400
102577
102223
102400
102400
102400
102400
102400
102400
102400
102400
102400
102400
102400
102400
102400
102400
102414
102386
102400
102400
102400
102400
102400
102400
102400
102400
102400
102400
102400
102400
