104690
100149
102361
102400
102384
102400
102400
102400
102400
102400
102386
103287
101513
102400
102400
102400
102400
102426
102374
102400
102400
102400
102400
102400
102400
102400
102400
102400
102400
102400
102400
102400
102400
102400
102400
102400
102400
102400
102400
102400
102400
103016
101784
102400
102400
102400
102400
102400
102400
102400
102400
102400
102400
102400
102400
102400
102400
98542
102400
102400
102400
102400
102400
102400
102400
102400
102400
102400
102400
102400
102400
102400
102400
102400
102400
102400
102400
102400
102400
102400
102400
102400
102400
102488
102312
102400
102400
102400
102400
102400
102412
102388
102428
102372
102400
102400
102400
102400
102400
102400
