102400
102400
102400
102400
102400
102400
102400
102400
102400
102400
102400
102400
102400
102400
102400
102427
102373
102400
102400
102400
102400
102400
102400
102400
102400
102400
102400
102400
102400
102400
102400
102400
102400
102400
102400
102400
102400
102400
102400
102400
102400
102400
102400
102400
102400
102400
102400
102400
102400
102400
102400
102400
102400
104179
100647
102374
102400
102400
102400
102412
102388
102412
102388
102400
102400
102400
102400
102400
102400
102418
102382
102400
102400
102400
102400
102400
102400
102400
102400
102400
102400
102400
102400
102400
102400
102400
103491
101309
102400
102400
102400
102400
102400
102400
102400
102400
102400
102400
102400
102400
