102400
102413
102387
102400
102400
102400
102400
102400
102400
102400
102400
102400
102400
102400
102400
102400
102400
102400
102400
102400
102400
102400
102400
102400
102403
102397
102400
102400
102400
102400
102400
102400
102400
102400
102400
102400
102400
102400
102400
102569
102231
102400
102400
102400
102400
102400
102400
102400
102573
102227
102400
102400
102400
102400
102400
102400
102400
102400
102400
102400
102400
102400
102400
100301
104636
102400
102400
102400
102400
102400
102400
102400
102400
102400
102400
102400
102400
102400
102400
102400
102400
102400
102419
102381
102400
102400
103833
100967
102400
102400
102400
102400
102400
102400
102400
102400
102400
102400
102400
102400
