102400
102400
102400
102400
102400
102400
102400
102415
102385
102400
102400
102400
102400
102400
102400
102400
102400
102400
102400
102400
102400
102400
102418
102382
102400
102400
102400
102400
102400
102400
102400
102400
102400
102400
102400
102288
102400
102400
102400
102400
102400
102400
102400
102400
102400
102400
102400
102400
102400
102400
102400
102400
102400
102400
102400
102400
102400
102400
102400
102543
102257
102400
102400
102400
102400
102400
102400
102400
102400
102400
102400
102400
102400
102400
102400
102400
102400
102400
102400
102400
102400
102400
102400
102400
102400
102400
102400
102400
102400
102400
102400
102400
102400
102400
102400
102400
102400
102400
102400
102400
