102495
102400
102400
102400
102400
102400
102400
102400
102400
102400
102576
102224
102400
102400
102400
102490
102310
102400
102400
102400
102400
102400
102400
102400
102400
102400
102400
102400
102400
102505
102295
102400
102400
102400
102400
102400
102400
102400
102400
102400
102400
102400
102400
102400
102400
102406
102394
102400
102400
102400
102400
102400
102400
102400
102400
102400
102427
102400
102400
102400
102400
102400
102400
102400
102400
102435
102365
102400
102400
102400
102400
102400
102400
102400
102400
102400
102400
102400
102400
102573
102227
102400
102400
102409
102391
102400
102400
102400
102400
102400
102400
102400
102400
102400
102423
102377
102400
102400
102400
102400
