102400
102400
102400
102400
102400
102400
102400
102400
102400
102497
102303
102400
102400
102400
102400
102427
103041
101732
102400
102400
102400
102577
102223
102543
102257
102400
102400
104213
100587
102400
102400
102400
102400
102400
102400
102400
102400
102402
102398
102400
102400
102400
102400
102400
102400
102400
102400
102400
102400
102400
102400
102400
102400
102400
102400
102498
102302
102400
102400
102400
102400
102400
102400
102400
102400
102400
102400
102400
102400
102400
102400
102400
102400
102400
102400
102400
102400
102400
102400
102561
102239
105221
99579
102400
102400
102400
102400
102400
102400
102400
102400
102400
102518
102282
102400
102400
102400
102400
102400
102400
