103171
101629
102400
102400
102400
102400
102400
102400
102400
102400
102400
102400
102400
102400
102400
104831
99969
102400
102400
102400
102400
102400
102400
102400
102400
102400
102400
102400
102400
102400
102400
102400
102400
102400
102400
102400
102400
102400
102400
102400
102400
102400
102400
102400
102400
102400
102400
102400
102400
102400
102400
102400
104855
99945
102400
102400
102400
102400
102400
102400
102400
102400
102400
102400
102400
102400
102400
102400
102400
102400
102400
102400
102400
102400
102400
103680
102400
102400
102400
102400
102400
102400
102400
102400
102327
102400
102400
102400
102400
104676
100124
102400
102400
102987
101813
102400
102400
102966
101834
102400
