102400
102400
102400
102400
102400
102400
102400
102400
102400
102400
102400
102400
102416
104482
100302
102400
102400
102400
102400
102400
102400
102400
102400
102400
102400
102400
102400
102400
102400
102400
102400
102400
102400
102400
102400
102166
102400
102400
102400
102400
102400
102400
102400
102400
102400
102400
102400
102900
101900
102400
102400
102400
102400
102400
102400
102400
102704
102096
102400
102400
102400
102400
102400
102400
102400
102400
102400
102400
102400
102400
102400
102400
102400
102400
102400
102400
102400
102400
102400
102400
102400
102400
102400
102400
102400
102400
102400
102400
102400
102400
102400
102400
102400
102400
102400
102400
102400
102400
102400
102402
