102400
102400
102400
102400
102400
102400
102400
102400
102400
104844
100061
102295
102400
102400
102400
102400
102400
102400
102400
102256
102400
102400
102400
102400
102400
102400
102400
102400
102400
102400
102400
102400
102400
102400
102400
102400
102400
102400
102401
102578
102221
102400
102400
102400
102400
102515
102285
102400
102400
102400
102732
102068
102400
102400
102400
102400
102400
102400
102400
102400
102400
102400
102400
102400
102400
102400
102400
102480
102320
102400
102400
102400
102400
102400
102400
102400
102400
102400
102400
102400
102400
102400
102400
102400
102400
102400
102400
102400
102400
102400
102400
102400
102400
102400
102400
102400
102400
102400
102709
102091
