102400
102400
102400
102400
102400
102400
102400
102400
102400
102400
102400
103511
101289
102870
102280
102050
102400
102421
102379
102400
102400
102400
102400
103053
101747
102400
102400
102400
102400
102400
102400
102400
102400
102400
102838
101962
102400
102400
102400
102400
102400
102400
102400
102749
102051
102400
102400
102400
102400
102400
102400
102400
102400
102400
102400
102783
102264
102153
102400
102400
102760
102040
102400
102400
104566
100234
102400
102400
102400
102400
102400
102400
102400
102400
102400
102400
103332
102584
101284
102400
102400
102400
102400
102400
102400
102400
102400
102400
102400
102400
102400
102400
102400
102400
102400
102400
102400
102400
102400
102400
