102400
102400
102400
102400
102400
102400
104428
100372
102400
102400
102400
102400
102400
102400
102400
102400
102400
102400
102400
102400
102400
102400
102400
102256
102400
102400
102400
102400
102400
102400
102400
102400
102400
102400
102400
102400
102369
102400
102400
102400
102400
102400
102400
102400
102400
102400
102400
102400
103049
102400
102400
102400
102400
102400
102400
102400
102400
102400
102400
102400
102400
102400
102400
102400
102400
102400
102400
102417
102383
102407
102393
102400
102400
102400
102400
102400
102400
102400
102400
102400
102400
102400
102400
102400
102400
102400
102400
102400
102400
102400
102400
104910
99890
102400
102400
102400
102400
102400
102400
102400
