102400
102400
102400
102400
102405
102395
102400
102400
102400
102400
102400
102400
102400
99805
102415
102400
102400
102400
102400
102400
102400
102400
102400
102400
102400
102400
102400
102487
102313
102400
102400
102400
102400
102400
102400
102400
102400
102400
102400
102404
102396
102400
102577
102223
102400
102400
102400
102400
102400
102400
102400
102400
102400
102400
102400
102400
102400
102400
102400
102400
102400
102400
102400
102400
102400
102400
102400
102400
102400
102400
102400
102400
102400
102400
102400
102400
102400
102400
102400
102400
102400
102400
102400
102400
102400
102400
102400
102400
102400
102400
102400
102400
102400
102400
102400
102400
102420
102380
102400
102400
