102400
102400
102400
102400
102400
102400
102400
102400
102400
102400
102400
102400
102400
102400
102400
102400
102400
102400
102400
102400
102400
102400
102400
102400
102400
102400
102400
102400
102400
102400
102400
102400
102400
102400
102400
102400
102400
102400
102400
102400
102400
102400
102400
102400
102400
102400
102400
102400
102400
100592
102400
102400
102400
102400
102400
102400
102400
102400
102400
102400
102400
102400
102400
102415
104801
99984
102400
102400
102400
102400
102400
102400
102400
102400
102400
102400
102400
102400
102400
102400
102400
102400
102400
102459
102341
102400
102400
102400
102400
102400
102400
102400
102421
102379
102400
102400
102400
102400
102400
102400
