102400
102400
102400
102400
102400
102400
102400
102400
102400
102400
102400
102400
102400
102400
102400
102400
102408
102392
102400
102400
102400
102400
102400
102400
102400
102400
102400
102400
102400
102400
102400
102400
102411
102389
103428
101372
102400
102400
102400
102400
102400
102400
102400
102400
102400
102411
102400
106181
102400
102400
102400
102350
102400
102400
102400
103677
101123
104006
100794
102400
103316
101484
102400
102400
102400
102400
102400
102400
102400
104936
99864
102400
102400
102400
102400
102400
102400
102400
102400
102400
102400
102400
102400
102400
102400
102400
102400
102400
102400
102400
102400
102400
102400
102400
102400
102400
102400
102400
102400
102400
