102400
102400
102400
102400
102400
102400
102400
102400
102400
102430
102370
102400
102400
102400
102400
102400
102400
102400
102400
102400
102400
102400
103072
101728
102400
102400
102400
102400
102400
102400
102400
102400
102400
102400
102400
102400
102400
102400
102400
102400
102400
102400
102400
102400
102400
102400
102400
102400
102400
102400
102400
102400
102400
102400
102429
102371
102400
102400
102400
102400
102400
102400
102400
102400
102400
102400
102998
101802
102400
102400
102400
102400
102400
102400
102400
102400
102400
102400
102400
102400
102400
102400
102400
102400
102400
102400
102400
102400
102400
102400
102400
102400
102400
102406
102394
102400
102400
102400
102400
102400
