102400
102400
102400
102400
102400
102400
102400
102400
102400
102692
102108
102400
102400
102400
102309
102400
102520
102280
102400
102400
102400
102400
102400
102400
102400
102400
102475
102325
102400
102400
102400
102400
102400
102400
102400
102400
102400
102400
102400
102400
102400
102410
102390
102400
102400
102400
102400
102400
102400
102400
102400
102400
102400
102400
102400
102400
102400
102400
104134
100666
102400
102400
102400
102400
102400
102400
102400
102400
102400
102400
102400
102400
102400
102400
102400
102400
102400
102400
102400
102400
102400
102400
102400
102400
102400
102400
102400
102400
102400
102400
102400
102400
102400
102400
102400
102400
102400
102400
102400
102400
