102400
102400
102400
102400
102400
102400
102507
102293
102400
102400
102400
102400
102400
102400
102400
102400
102400
102400
102400
102400
102428
102372
102400
102400
102400
102400
102400
102400
102400
102573
102227
102400
102400
102400
102400
102400
102400
102400
102400
102400
102400
102400
102400
102400
102400
102400
102400
102400
102400
102400
102421
102379
102400
102400
102400
102556
102244
102400
102400
102400
102400
102400
102400
102400
102400
102400
102400
102400
102400
102400
102400
102432
102368
102400
102508
102292
102400
102400
102400
102400
102400
102400
102400
102400
102400
102400
102400
102400
102400
102400
102400
102400
102400
102400
102524
102629
102047
102400
102400
102400
