102441
102359
102400
102400
102400
102400
102400
102400
102400
102400
102400
102400
102400
102400
102400
102400
102400
102400
102400
102400
102400
102555
102245
102400
104344
102400
102400
102400
102400
102400
102400
102400
102400
102400
102400
102400
102601
102199
102400
102400
102400
102400
102400
102400
102400
102400
102400
102400
102400
102400
102400
102488
102312
102415
102385
102400
102400
102400
102400
102400
102400
102400
102400
102400
102400
102400
102400
102400
102400
102400
102400
102400
102400
102400
102400
102400
102400
102400
102400
102400
102400
102400
102400
102400
102497
102303
102400
102400
102400
102400
102400
102400
102400
102400
102400
102400
102400
102400
102400
102400
