102400
102400
102400
102409
102400
102400
102400
102400
102400
102400
102400
102400
102400
102400
105264
99536
102400
102400
102400
102400
102400
102400
102400
102400
102400
102400
102400
102400
102400
102400
102400
102400
102400
102400
102400
102400
102400
102412
104519
100589
102080
102400
102400
102400
102400
102400
102400
102400
102400
102400
102400
102400
102400
102400
102400
102400
102400
102400
102400
102400
102400
102400
102400
102400
102400
102400
102400
102400
102400
102400
102414
102386
102400
102400
102400
102400
102400
102400
102400
102400
102400
102400
102400
102400
102400
102400
102400
102400
102400
102400
102573
102227
102400
102400
102400
102416
102384
102400
102400
102400
