102400
102400
102400
103640
101160
102400
102400
102400
102400
102400
102400
102400
102400
102400
102400
102400
102400
102400
102400
102400
102400
102526
102400
102400
102400
102400
102400
102400
102400
102400
102400
102400
102400
102400
102400
102400
102400
102400
102400
102400
102400
102400
102400
102400
102400
102400
102400
100298
105703
98922
102400
102400
102400
102400
102400
102400
102400
102400
102400
102400
102400
102400
102400
102400
102400
102400
102400
102400
102400
102400
102437
102363
102400
102400
102400
102400
102400
102400
102400
102400
102400
102400
104095
100705
102400
102400
102400
102509
102400
102400
102400
102400
102400
102400
102400
102400
102400
102400
102400
102400
