102400
102400
102400
102400
102400
102400
102400
102400
102400
102400
102400
102400
102400
102400
102414
102386
102400
102400
102400
102400
102400
104073
100727
102400
102400
102400
102400
102400
102436
102364
102400
102400
102400
102400
102397
102400
102400
102400
102400
102400
102400
102400
102400
102400
102400
102400
102400
102400
102400
102400
102400
102400
102400
102400
102400
102400
102400
102400
102400
102400
102400
102400
102400
102400
102400
103999
100801
102400
102400
102400
102400
102400
102400
104804
99996
102400
102400
102400
102400
102400
102400
102400
102400
102400
102400
102400
102400
102400
102400
102400
102400
102400
102400
102400
102400
102400
102400
102400
102400
102400
