102400
102400
102400
102400
102400
102400
102400
102400
102400
102400
102400
102400
102400
102400
102400
102400
102400
102400
102400
102400
102400
102400
102400
102400
102400
102400
102400
102400
102400
102400
102400
102400
102400
102400
102400
102400
102400
102400
102400
102400
102400
102400
102400
102400
102400
102400
102400
102400
102400
102400
102400
102400
102400
102400
102400
102400
102400
102400
102400
102400
101399
102400
102400
102400
102400
102400
102400
102400
102515
102285
102400
102400
102400
102400
102400
102400
102400
102400
102400
102400
102400
102400
102400
102400
102479
102321
102400
102400
104245
104254
100546
102400
102405
102395
102459
102341
102400
102400
102400
102400
