102400
102400
102400
102406
102394
102431
102369
102985
101815
102400
102400
102400
102400
102400
102400
102400
102400
102400
102400
102400
102424
102376
102400
102400
102400
102400
102400
102400
102400
102400
102400
102400
102400
102400
102400
102400
102400
102400
102400
102400
102400
102400
102400
102400
102400
102400
102400
102400
102400
102400
102400
102400
102400
102400
102400
102400
102400
102400
102400
102400
102400
102400
102400
102400
102400
102400
102400
102400
102400
102400
102400
102400
102400
102400
102400
106156
103690
97354
102400
102400
102413
102387
102400
102400
102400
102400
102450
102350
102400
102400
102486
102314
102400
102400
102400
102400
102400
101982
102400
102400
