102400
102400
102400
102400
102400
102400
102400
102400
102437
102363
102761
102400
102400
102400
102400
102400
102400
102400
102400
102400
102400
102400
102400
102408
102392
102400
102400
102400
102400
102400
102400
102400
102400
102400
102400
102400
102400
102400
102400
102400
102400
102400
102400
102477
102323
102400
102400
102400
102400
102400
102400
104647
100153
102400
102400
102400
102400
102400
102400
102440
102360
102400
102400
102400
102400
102400
102400
102400
102400
102400
102400
102400
102400
102537
102263
102400
102400
102400
102400
102400
102400
102400
102400
102400
102400
102400
102400
102400
102400
102410
102390
102400
102400
102400
102400
102400
102400
102400
104905
99993
