102400
102400
102400
102400
102400
102400
102400
102400
102456
102400
102400
102400
102400
102400
102400
102400
102400
102400
102400
102400
102400
102400
102406
102400
102435
102365
102400
102400
102400
102400
102400
102400
100510
102400
102400
102400
102400
102400
102400
102400
102416
102384
102400
102400
102400
102400
102400
102400
102400
102400
102400
102190
102400
102400
102400
102400
102400
102400
102400
102400
102400
102400
102400
102400
102400
102400
102400
102400
102400
102400
102400
102400
102400
102400
102400
102400
102400
102400
102400
102400
102400
102400
104005
100795
102400
102400
102400
102400
102400
102400
102400
102400
102400
102400
102400
102400
102400
102400
102400
102400
