102400
102400
102407
102393
102400
102400
102400
102400
102489
102400
102400
102400
102400
105679
99121
102400
102400
102400
102400
102400
102449
102351
102400
102400
102727
102073
102400
102409
102391
102400
102400
102400
102400
102400
102596
102204
102521
102279
102400
102400
102400
104342
100654
102204
102400
102400
102400
102400
102400
102400
102400
102400
102400
102400
102400
102400
102400
102400
103907
100893
102400
102400
102400
102400
102400
102400
102400
102400
102400
102400
103346
101454
102556
102244
102400
102400
102441
102359
102400
102400
102400
102400
102400
100421
102400
102400
104291
100509
102400
102400
102400
104328
100514
103427
101331
102400
102400
104106
100694
102494
