102400
102400
102400
102400
102400
102400
102400
102400
102400
102400
102400
102400
102493
102307
102400
102419
102381
102400
102400
102400
102400
102400
102400
102400
102400
102400
102400
102400
102400
102400
102400
102400
103593
101207
102400
102400
102400
102531
102269
102401
102399
102400
102400
102400
102400
102400
102400
102679
102121
102400
102400
102400
102400
102400
102400
102400
102400
102400
102400
102400
102400
102400
102400
102400
102400
102400
102400
102400
102400
102400
102566
102234
102400
102400
102400
102400
102401
102399
102400
102400
102414
102400
102400
102400
102400
102400
102400
102400
102400
102400
102400
102400
102400
102400
102400
102400
102400
102400
102400
102400
