102400
102400
102400
106105
102400
102400
102400
102400
102400
102400
102400
102400
102400
102400
102532
102268
102400
102400
102400
102400
102437
102363
102400
102400
102400
102400
102400
102400
102400
102400
102415
102385
102418
102382
102400
102400
102400
102400
102400
102400
102400
102400
102400
102400
102400
102407
102393
102414
102386
102400
102400
102400
102400
104313
100487
102400
101531
102400
102400
102400
102400
102400
102400
102400
102400
103849
100951
102400
102400
102400
102400
102400
102400
102400
102400
102400
102400
102400
102400
102400
102400
102400
102400
102400
102400
102400
102400
102400
102400
102400
102400
102400
102400
102400
102400
104610
102400
102400
102400
102400
