102400
102400
102400
102400
102400
102400
102400
102400
102400
102415
102385
102400
102400
102400
102400
102400
102400
102400
102400
102400
102400
102431
102369
102400
102400
102400
102400
102400
102522
102278
102400
102400
102400
102400
102400
102400
102400
102400
102400
102400
102400
102400
102400
102400
102400
102400
102400
102400
102400
102400
102400
102400
102400
102400
102400
102400
102400
102400
102400
102400
102400
102400
102400
102400
102400
104806
99994
104629
102400
102400
102400
102400
102400
102400
102400
102400
102400
102400
102400
102400
102400
102400
102400
102400
102400
102443
102357
102400
102400
102400
102400
102400
102400
102400
102400
102400
102400
102400
102400
102400
