102417
102383
102400
102400
102400
102400
102400
102400
102400
106006
98794
102400
102400
102416
102384
102400
102400
102427
102373
102400
102400
102400
102400
102400
102400
102400
102400
102400
102402
102398
102400
102400
103353
101538
102309
102400
102400
102400
102400
102400
102400
102400
102400
102400
102400
102400
102400
102400
102400
102400
102400
102400
102400
102400
102400
102400
102400
102400
102400
102400
102400
102400
102435
102365
102400
102400
102400
102400
102400
102400
102400
102400
102400
102400
102400
102400
102400
102400
102400
102400
102400
102400
102400
102400
102400
102400
102400
102400
102400
102400
102400
102400
102400
102400
102400
102400
102400
102400
102400
102400
