102400
102400
102400
102400
102400
102400
102400
102400
102486
102314
102400
102400
102400
102400
102400
102400
102400
102400
102400
102400
102400
102400
102400
102404
102396
102400
102400
102400
102400
102400
102460
102340
102400
102400
102400
102400
102400
102400
102400
102400
102400
102400
102400
102400
102418
102382
102423
102377
102400
102400
102400
102400
102400
102400
102400
102400
102400
102400
102400
102400
102400
102400
102400
102400
102400
102400
102400
102400
102400
102400
102400
102400
102400
102400
103955
100845
102400
102400
104914
100029
102257
102400
102400
102400
102400
102400
102458
102342
102400
102400
102400
102400
102400
102400
102400
102400
102400
102400
102400
102400
