102400
103403
101397
102400
102400
102400
102400
102400
102400
102400
102400
102449
102351
102400
102400
102556
102244
102400
102400
102400
102400
102400
103478
101322
103195
101605
102400
104129
100671
102400
102400
102400
102400
102400
102400
102400
102559
102241
102400
102400
102400
102400
102400
103935
100865
102400
102400
102400
102400
102400
102400
102400
102404
102396
102400
103184
101616
102400
102400
102553
102247
104628
104408
98164
103840
100960
102400
102400
102400
102400
102400
102400
102416
102384
102400
102400
104847
99953
102606
103939
100691
102370
102425
102369
102400
102400
102415
102472
102313
102400
102400
102511
102289
102400
103248
102400
102400
102400
102400
102400
