102400
102400
102400
102400
102400
102400
102400
102400
102400
102400
102400
102400
102400
102400
102400
102400
102400
102400
102400
102400
102400
102400
102400
102400
102400
102400
102400
102400
102400
102400
102699
102101
102400
102400
102400
102400
102400
102400
102854
102400
102400
102400
102400
103588
101212
102400
102400
102400
102400
102400
102400
102400
102400
102400
102400
102400
102400
102400
102400
102498
102400
102400
102400
102400
102400
102400
102400
102400
102400
102400
102400
102400
102400
102400
102597
102203
102400
102400
102400
102400
102111
102400
102400
102400
102400
102400
102400
102400
102400
102400
102400
102400
102400
102400
102400
102400
102400
102400
102400
102400
