102400
102400
102400
102400
102400
102400
102400
102400
102400
102400
102400
102400
104488
100312
102400
102400
102400
102400
102400
102400
102400
102400
102400
102400
102400
102400
102400
102400
102400
102400
102400
102400
102400
102400
102400
103434
101366
102400
102400
102400
102400
102400
102400
102400
102400
102400
102463
102337
102400
102400
102564
102236
102400
102400
102400
102400
102400
102400
102400
102400
102400
102400
102400
102400
102400
102400
102400
102400
102400
102400
102400
102400
102400
102400
102400
102400
102400
102400
102400
102400
102400
102400
102400
102400
102400
102400
102419
102381
102400
102400
102400
102400
102400
102400
102400
102400
102400
103561
101239
102400
