102400
104712
102388
102400
102400
102400
102400
102400
102400
103711
101089
102400
102400
102400
102400
102400
102796
102004
102400
102400
106327
99579
101294
102400
102400
102400
102400
102400
102400
102400
102400
102400
102400
102400
102400
103071
101729
102400
102400
102400
102400
104623
100353
102224
102400
102400
102400
102463
102337
102400
102400
102400
102400
102400
102400
102400
102400
102400
102400
102400
104335
100645
102220
102571
102229
102400
102400
107009
97791
102400
102400
102400
102400
102400
102400
102400
102400
102400
102400
102400
102400
102400
102400
102400
102400
102789
102011
102400
102400
102400
102400
102400
102400
102400
102400
102400
102400
102400
102400
102400
