102400
102400
102400
102400
102400
102400
102400
102400
102400
102400
106354
102400
102400
102400
102400
102400
102415
102385
102400
102400
102400
102400
102400
102400
102400
102400
102400
102400
102400
102400
102400
102400
102400
102400
102400
102400
102400
102400
102400
102400
102400
102400
102400
102400
102400
102400
102400
102400
102400
102400
102400
102400
104277
100523
102400
102400
102400
102400
102400
102400
102400
102400
102400
102400
102400
102400
102400
102400
102400
102400
102400
102400
102621
102400
102400
102400
102400
102400
102400
102400
102546
102254
102400
102400
102439
102361
102400
102400
102400
102400
102409
102391
102400
102400
102400
102400
102400
102400
102400
102400
