102400
102400
102400
102400
102400
102400
102400
102573
102227
102400
102400
102400
102400
102400
102400
102400
102400
102400
102400
102400
102400
102400
102400
102400
102400
102400
102400
102400
102400
102400
102400
102400
102400
102400
102400
102400
102400
102400
102400
102400
102400
102400
102400
102400
102400
102400
102400
102400
102400
102400
102400
102400
102400
102400
102400
102400
102400
102400
102400
102400
102400
102400
102400
102400
102400
102400
102400
102326
102400
102400
102400
102400
103999
100801
102400
102400
102435
102365
102400
102400
102400
102400
102400
102400
102400
102400
102400
102400
102400
102400
102400
102400
102407
102393
102400
102400
102400
102400
102400
102400
