102400
102400
102400
102400
102400
102400
102400
102400
102400
102400
102400
102400
102400
102400
102400
102400
102400
102400
103349
102400
102400
102400
102400
102400
102400
102400
102400
102420
102380
102400
102400
102400
102400
102400
102400
102400
102400
102400
102400
102400
102400
102400
102400
102442
102383
102375
102400
102400
102400
102400
102400
102400
102400
102400
102400
102400
102400
104675
100125
102400
102400
102400
102400
102400
102400
102400
102400
102400
102400
102400
102400
102400
102400
102400
102400
102405
102395
102400
102400
102400
102400
102400
102400
102400
102400
102400
102400
102400
102400
102400
102400
102400
102400
102400
102400
102400
102400
102400
102400
102400
