102400
102400
102400
102400
102400
102400
102547
102253
102400
102400
102400
102400
102400
102400
102400
102400
102400
102949
101889
102362
103032
101768
102400
102400
102400
102400
102400
102400
102400
102400
102400
102400
102400
102400
102400
102400
102400
102400
102400
102400
102400
102400
102400
102400
102400
102400
102400
102400
102400
103025
101775
102400
102400
102400
102400
102400
102400
102400
102400
102400
102400
102400
102400
102400
102400
104565
100235
102400
102400
102400
102400
102400
102400
102400
102400
102400
102400
102400
102400
102400
102400
102400
102400
102400
102400
102400
102400
102400
102400
102400
102400
102400
102400
102400
102400
102400
102571
102229
102565
102235
