102400
102400
102400
102400
102400
102400
102400
102400
102400
102400
102400
102400
102400
102400
102400
102400
102400
102400
102400
102400
102400
102400
102400
102201
102430
102370
102400
102400
102400
102400
102400
102400
102400
102400
103376
101424
102400
102400
102524
102276
102400
102400
102400
102576
102224
102400
102400
102400
102400
102400
102400
102400
102400
102400
102400
102400
102400
102400
102400
102400
102400
102400
102400
102400
102400
102400
102400
102400
104850
99950
102400
102400
102400
102402
102398
105645
99155
102400
102400
104636
100164
102400
102400
102400
102400
102400
102400
102400
102400
102400
102400
102400
102400
102415
102385
102400
102400
102400
102400
102400
