102400
102400
102400
102400
102400
102400
102400
102400
102428
102372
102400
102400
102400
102400
102400
102400
102400
102400
100653
102427
102373
102400
102400
102400
102400
102400
102400
103990
100810
102400
102400
102400
102400
102400
102400
102400
102400
102400
102416
102384
102400
102400
102400
102400
102400
102400
102400
102400
102400
102400
102400
102400
102400
102400
102400
102400
102400
102400
102400
102400
102400
102400
102400
102400
102400
102400
102400
102400
102400
102400
102400
103905
100895
102400
102400
102400
102400
102400
102400
102400
102400
102400
102400
102400
102400
102400
102400
102400
102400
102400
102400
102400
102400
102400
102400
102400
102400
102400
102400
102400
