102400
102400
102400
102400
102400
102400
102400
102400
102400
102400
102400
102400
102400
102400
102400
102438
102362
102400
102400
102400
102400
102400
102400
102400
102400
102400
102400
102400
102400
102400
102400
102400
102400
102400
102400
102400
102400
102400
102400
102400
98935
106337
100270
101076
102400
102400
102400
102400
102400
102400
102400
102400
102400
102400
102400
102400
102400
102400
102400
102400
102400
102400
102400
102400
102400
102728
102072
102400
102400
102400
102400
102400
102400
102494
102400
102400
102400
102400
102400
102400
102400
102400
102400
102411
102389
102400
102398
102400
102400
102400
102400
102400
102400
102400
102400
102400
102400
102565
102235
102400
