102400
102400
102400
102400
102400
102400
102400
102400
102400
102400
102400
102400
102400
102400
102400
102400
102400
102400
102509
102291
102400
102400
102479
102705
102016
102419
102381
102400
102400
102400
102400
102400
102400
102400
102400
102400
102400
102400
102400
102400
102400
102400
102400
102400
102400
103028
101772
102400
102400
102400
102400
102400
102496
102304
102400
102400
102400
102400
102400
102400
103280
101520
104517
100283
102400
102400
102400
102400
102436
102364
102400
102435
102365
102400
102400
102400
102400
102400
102400
102400
102416
102384
102731
102069
102400
104180
100620
102400
102400
102426
102374
102400
102400
102400
102400
102400
102400
103928
100872
102400
