102400
102400
102400
102400
102400
102400
102400
102400
102400
102400
102400
102482
103939
100779
102441
102359
102400
102400
102400
102400
102400
102400
102412
102388
102400
102400
102400
102400
102400
102400
102400
102400
102400
102400
102400
102400
102400
102400
102400
102400
102400
102400
102400
102400
102400
102400
102400
102400
102400
102400
102400
102400
102400
102400
102400
102400
102400
102400
102400
102400
102400
102400
102400
102400
102400
102400
102400
102400
102400
102400
102400
102400
102410
102390
102400
102400
102400
102478
102322
102400
102460
102340
102400
102400
102400
102400
102400
102400
102400
102400
102400
102400
102400
102400
102400
102400
102400
102400
102400
102400
