102400
102400
102400
102400
102400
102400
102400
102400
102400
102400
102400
102400
102400
102400
102400
102400
102400
102400
102400
102400
102400
102400
102400
102400
102400
102400
102400
102400
102400
102400
102400
102400
102400
103283
104211
99706
102400
102400
102400
102400
102400
102400
102400
102400
102400
102400
102400
102400
102400
102400
102400
102400
102400
102400
102400
102400
102400
102400
102400
102400
102400
102400
103103
101697
102400
102400
102400
102400
102400
102400
102400
102400
102400
102400
102400
105996
102400
102400
102400
102400
102400
102400
102400
102400
102400
102400
102400
102554
102246
102400
104028
100772
102400
102400
102400
102400
102400
102400
102400
102400
