102400
102400
102400
102400
102400
102400
102400
102400
102400
103816
100984
102400
102400
102400
102400
102400
102400
102400
102400
102400
102400
102400
102400
102400
102400
102400
102400
102400
102400
102400
102400
102400
102400
102400
102400
102400
102400
102432
102368
102400
102400
102400
102400
102400
102400
102400
102400
102400
102400
102400
102400
102400
102400
102400
102400
102400
102400
102400
102400
102400
102400
102400
102400
102400
102400
102400
102400
102400
102400
102400
102400
102400
102400
102400
102400
102400
102400
102400
102400
102400
102400
102400
102400
102400
102400
102400
102400
102400
102400
102558
102242
102400
102400
102400
102400
102400
102400
102400
102954
101846
