102400
102821
101979
102400
102400
102400
102400
102400
102400
102400
102400
102400
102400
102400
102400
102445
102355
102400
102400
102400
102400
102400
102400
102400
102400
102400
102400
102400
102469
102331
102400
102400
102400
102400
102400
102400
102400
102400
102400
102400
102400
102400
102400
102502
102298
102400
102400
102400
102400
102400
102400
102400
102400
102400
102400
102400
102400
102400
102400
102400
102400
102400
102400
102400
102400
102400
102400
102400
102400
102400
102400
102400
102400
102400
102400
102400
102400
102400
102400
102400
102400
102400
102400
102400
102400
102400
102400
102400
102400
102400
104733
100067
102400
102400
102400
102400
102400
102400
102400
102400
