102400
102400
102400
102400
102400
102400
102400
102400
102400
102400
103245
101555
102400
102400
102400
102400
102400
102400
102400
102400
102400
102400
102400
102400
102400
102400
102400
102400
102400
101744
102400
102400
102400
102400
102400
102400
102400
102400
102400
102400
102400
102400
102400
102400
102400
102400
102400
102400
102400
102400
102400
102400
102400
102400
102400
102400
102400
103175
101625
102400
102400
102400
102400
102400
102400
102400
102400
102400
102400
102400
102552
102248
102469
102331
102400
102400
102400
102400
102411
102389
102400
102400
102400
102400
102554
102246
102400
102400
102400
102400
102400
102400
102400
102400
102480
102320
102400
102400
102400
102400
