102421
102379
102400
102400
102400
102400
102400
102400
102400
102400
102400
102400
102422
102378
102400
102400
102400
102399
102400
102400
102400
102400
103382
101418
102449
102351
102400
102487
102400
102400
102400
102419
102381
102400
102400
102400
102400
102400
102400
102400
102400
102400
102400
102400
102400
102400
102400
102400
102400
102400
102400
102400
102400
102400
102400
102400
102400
102449
102351
102400
102400
102400
102400
102400
102299
102400
102400
102400
102400
102400
102400
102400
102400
102412
102388
102400
102400
102400
102400
102400
102400
102400
102400
102400
102400
102400
102400
102537
102263
102400
102400
102400
102400
102400
102400
102400
102400
102400
102400
102400
