102400
102420
102380
102400
102400
102400
102400
102417
102383
102493
102307
102400
102400
102399
99409
102400
102400
102400
102400
102400
102400
102400
102400
102400
102400
102400
102400
102464
104669
100131
102400
102400
102400
102400
102400
102400
102400
102400
102400
102400
102400
102400
102400
102400
102400
102400
102400
102400
102400
102400
102400
102400
102400
102400
102400
102400
102400
102400
102400
102460
102340
102400
102417
102383
102400
102400
102400
102400
102400
102400
102400
102400
102400
102400
102443
102357
102400
102400
102400
102400
102453
102347
102400
102400
102400
102400
102400
102400
102400
102400
102400
102400
102400
102400
102400
102400
102400
102400
102400
102400
