102400
102400
102400
102400
102400
102400
102400
102400
102400
102400
102400
102400
102400
104739
100366
102095
102400
102400
102400
102400
102400
102400
102400
102400
102400
102513
102287
102400
102400
102400
102400
102400
102400
102400
102400
102400
102400
102400
102400
102400
102400
102400
102400
102400
102400
102400
102400
102400
102400
102400
102400
102400
102400
102400
102400
102400
102400
102400
102623
102177
102400
102400
102400
102400
102400
102400
102400
102400
102400
102400
102400
102400
102400
102431
102369
102400
102400
102400
102400
102400
102400
102400
102400
102400
102400
102400
102400
102400
102400
105640
99160
102400
102400
102400
102400
102420
102380
102400
102400
102400
