102400
102400
102400
102400
102400
102400
102400
102400
102400
102400
102400
102400
102400
102400
102400
102400
102424
102376
102400
102400
102400
102400
102400
102400
102400
102400
102400
102400
102400
102400
102400
102551
102249
102400
102400
102400
102400
102400
102400
102400
104711
100089
102400
102400
102400
102400
102407
102393
102400
102400
102400
102402
102398
102400
102400
102400
102400
102400
102400
102400
102400
102400
102400
102400
102400
102400
102400
102400
102400
102400
102400
102400
102400
102400
102400
102400
102400
102400
102400
102400
102400
102400
102400
102400
102400
102400
102400
102400
102400
102400
102400
102400
102400
102400
102400
102400
102400
102417
102417
102383
