102400
102400
102400
102400
102400
102400
102400
102400
102400
102400
102400
102400
102400
102400
102400
102400
102400
102400
102400
102400
102400
108667
102400
102400
102400
102400
102400
102400
102400
102400
102400
102400
102400
102400
102400
102400
102400
102400
102400
102400
102400
102400
102400
105660
99140
102400
102400
102400
102400
102400
102400
102400
102400
102400
106510
98290
102400
102400
102400
102400
102400
102400
102400
102400
102400
102400
102400
102400
102465
102335
102400
102400
102400
102400
102400
102400
102400
102400
102400
103340
102400
102400
102400
102400
102400
102400
102400
102400
102400
102400
102400
102400
102400
102400
102400
102400
102400
102400
102400
102400
