102400
102459
102341
102400
102400
102400
102400
102400
104860
99940
102400
102400
103531
102399
102400
102400
102400
102400
102446
102354
102400
102400
102400
102400
102400
102400
102400
103536
101264
102400
102400
102400
102400
102400
102400
102400
102400
102416
102384
102400
102400
102400
102400
102400
102400
102400
102400
102400
102400
102444
102356
102400
102455
102345
102400
102516
102400
102400
102400
102400
102400
102400
102400
102400
102400
102400
102400
102400
102400
102400
102400
102400
102400
102400
102511
102289
102400
102400
102400
102400
102400
102400
102400
102400
102400
102400
102400
102400
102400
102400
102400
102400
102428
102372
102400
102400
102400
102400
102400
102400
