102400
102400
102400
102400
102400
102400
102400
102400
102400
102400
102400
102400
102400
102400
102400
102400
102400
102400
102400
102400
102400
102400
102400
102400
102570
102230
102400
102400
102400
102400
102400
102400
102400
102400
102400
102400
102400
102400
102400
102400
102400
102400
102400
102400
102400
102400
102400
102400
102416
102384
102409
102391
102400
102400
103661
104088
99451
102400
102400
102400
102400
102400
102400
102468
102332
102400
102406
102394
102400
102400
102400
102404
102400
101038
102400
102400
102400
102400
102400
102400
102400
102400
102400
102400
102400
102400
102400
102400
102400
102444
102356
102400
102400
102400
102400
102400
102400
102400
102400
105913
