101159
102400
102400
102493
102307
102400
102400
102400
102400
102400
102400
102400
102400
102400
102400
102400
102400
102400
102400
102400
102400
102400
102400
102400
102400
102514
102286
102400
102400
102400
102400
102400
102400
102400
102400
102400
102400
102400
102400
102400
102400
102400
102400
102400
102400
102400
102400
102400
102400
102400
102400
102400
102400
102400
102400
102400
102400
102400
102400
102400
102400
102400
102400
102400
102400
102400
102400
102400
102400
102400
102400
102400
102400
102400
102400
102400
102400
102400
102400
102400
102457
102343
102400
102400
102400
102400
102400
102400
102400
102400
102400
102400
102400
102400
104446
100414
102340
102400
102400
102400
