102400
102400
102400
102400
102400
102400
102400
102400
102400
102400
102400
102400
102400
102400
102400
102400
102400
102400
102400
102413
102387
102345
102400
102400
102400
102400
102400
102400
102400
102400
102400
102400
102400
102400
102400
102400
102400
102400
102400
102400
102400
102400
102400
102400
102400
102571
102229
102400
102400
102400
102400
102400
102400
104109
100691
102223
102400
103599
101201
102400
102400
102400
102400
102400
102400
102400
102400
102400
102400
102400
102400
102400
102400
102400
102470
102330
102400
102400
102400
102400
102400
102400
102400
102400
102400
102400
102400
102400
102400
103284
102400
102400
102400
102400
102400
102400
102400
102419
102381
102400
