102400
102400
102400
102419
102381
102400
102400
102400
102400
102400
102400
102400
102400
102400
102400
102400
102400
102400
102400
102400
102400
102400
102400
102400
102400
102472
102328
102400
102400
102400
102400
102400
102400
102400
102400
102400
102400
102400
102400
102400
102400
102400
102400
102400
102400
102400
102400
102400
102400
102400
102400
102400
102400
102400
102400
102400
102400
102400
102400
102400
102400
102400
102400
102400
102435
102365
102400
102400
102400
102400
102490
102310
102400
102400
102400
102414
102386
102400
102400
102400
102400
102400
102400
102400
102400
102400
102400
102436
102364
102400
102400
102400
102400
102400
102400
102400
102400
102400
102400
102400
