102400
102400
102400
102400
102400
102400
102400
102400
102400
102400
102400
102400
102400
102400
102413
102387
102400
102400
102400
102400
102400
102400
102400
102400
102400
103108
101692
102400
102400
102400
102400
102400
102400
102400
102400
102400
102400
102400
102571
102229
102400
102400
102400
102400
102400
102400
102400
102400
102400
102400
102400
102400
102400
102400
102400
102400
102400
102400
102502
102298
102400
102400
102400
102400
102400
102400
102400
102400
102472
102328
102400
102400
102400
102400
102400
102400
102400
102400
102400
102400
102400
102400
102400
102400
102400
102400
102400
102400
102400
102400
102400
102400
102400
104227
100573
102400
102400
102400
102400
102400
