102306
102400
102400
102400
102400
102400
102400
102400
102400
102400
102400
102400
103412
101388
103202
101930
102068
102400
102400
102400
102400
102400
102400
103151
101649
102400
102400
102400
102400
102780
102020
102400
102400
102400
102400
102400
103995
101590
101661
102354
102400
102400
102400
102400
102400
102637
102163
102400
102975
101825
102400
102400
102932
101868
106685
98115
102400
102400
102400
102400
105187
102400
102400
102400
102400
102400
102400
102400
102400
102400
102416
102400
102400
102400
102400
102400
102400
102400
102400
102440
102360
102400
102400
102400
102400
102400
102400
102400
102400
102462
102338
102400
102400
102400
102400
102400
102400
102400
102414
102386
