102400
102400
102486
102314
102400
102400
102400
102400
102400
102400
102400
102400
102400
102400
102400
102400
102400
102400
102400
102400
102400
102400
102400
102415
102385
102400
102400
102400
102400
102400
102400
102400
102400
102400
102400
102403
102397
102400
102400
102400
102400
102400
102400
102400
102400
102400
102400
102400
102400
102400
102400
102400
102400
102400
102400
102400
102835
101965
102400
102400
102422
102378
102400
104798
100002
102400
102582
102218
102400
102400
102400
102400
102400
102400
102400
102400
102400
102400
102400
102400
103517
101283
102400
102400
102400
102400
102400
102400
102400
104184
100616
104381
101477
102400
102400
102400
102400
102400
102400
102400
