2415 899435827587 102400 0
2416 899435929987 102400 0
2417 899436032387 102400 0
2418 899436134787 102400 0
2419 899436237187 102400 0
2429 899437261187 102400 0
2432 899437568387 102400 0
2433 899437670787 102400 0
2437 899438080387 102400 0
2440 899438387587 102400 0
2441 899438489987 102400 0
2442 899438592387 102400 0
2443 899438694787 102400 0
2444 899438797187 102400 0
2445 899438899587 102400 0
2446 899439001987 102400 0
2447 899439104387 102400 0
2448 899439206787 102400 0
2449 899439309187 102400 0
2450 899439411587 102400 0
