102400
102400
103183
104590
101432
102400
102414
102400
102400
102400
102400
102400
102400
102400
102412
102388
102400
102246
101748
102299
102400
102400
102400
102400
102400
102400
102400
102400
102400
96825
102400
102400
102400
102400
102400
102400
102400
102400
102400
102400
102400
102518
102400
102400
102400
102400
102400
102400
102400
102400
102400
102400
102400
102400
102400
102400
102400
102400
102400
102400
95383
102400
102400
102400
102400
102400
100628
102400
102430
102425
102345
102400
102400
102400
102400
102400
81522
103307
101493
102400
102400
102400
102400
102400
102400
102400
102400
102400
102400
102400
102400
102400
102400
102400
102400
101533
102400
102400
102400
102400
