102400
107693
97107
102400
102400
102400
102400
102400
102400
102400
102400
102400
102400
102381
102400
102400
102400
105225
100279
101696
102400
102400
102400
102400
102400
102400
102400
102400
102400
102400
102392
102400
102400
102400
102400
102400
102572
102228
102400
102400
102400
102400
102400
102400
102400
102400
102400
102400
102400
102400
102400
102989
101811
102400
102400
102400
102400
102400
102400
102400
102400
102400
102400
102400
102400
102423
102377
102400
102400
102400
102400
102400
102400
102400
102400
102400
102400
102400
102868
101932
102407
119704
85182
102307
102400
102400
102400
102400
102753
102400
102400
102400
102400
102400
102401
102400
102400
102400
102400
102400
