102400
102400
102400
103869
102400
102400
102400
102400
102400
102400
102400
102400
102401
102399
102400
102400
102400
102400
102400
102400
102400
102400
102400
102400
102400
102400
102400
102400
102400
102400
103446
102400
102400
102400
102400
102400
102400
102400
102400
102400
102400
102400
102400
102400
102400
102400
102400
102400
104661
102400
102400
102400
102400
102400
102400
102837
108152
95829
102487
102316
95206
102400
103427
102482
103196
104352
102400
102400
102400
102400
102400
102400
102400
102400
102400
102400
102400
102400
102519
102400
102400
145665
102400
102400
102400
102400
101364
102400
102400
102400
102400
102400
102400
102400
102400
102400
102400
102400
102400
102400
