102400
102400
102400
102400
102400
102400
102652
102148
102400
102400
102400
102400
102400
102400
102425
102375
102400
102400
102400
102400
102400
102400
102400
102400
102400
102446
102354
102400
100007
101663
102400
102400
102400
102400
102400
102400
102400
113930
90870
102400
102400
102400
102400
102400
102400
102400
102400
102400
102400
102400
102400
102400
102400
102400
102400
102558
102242
105771
99029
102400
102400
99616
102400
99606
102400
102400
102400
118421
97398
91381
102400
102400
102400
102400
102651
102149
102400
102400
102400
102408
102392
102400
102475
102325
102400
102400
102400
102400
102400
102400
102400
102400
102400
102400
102400
102400
100338
101661
102400
102400
