102400
102400
102400
101698
102400
102400
102400
102400
102400
102400
102400
102400
102400
102400
102400
103305
102400
102400
102400
102400
102400
102400
102400
102400
102400
102400
102400
102400
102400
102400
102400
102400
102400
102400
102400
102400
102400
102400
102400
102400
102400
102400
102400
102468
102400
102400
102400
102400
102400
102400
102400
102400
102400
102400
102400
102400
102400
102400
102340
101853
103727
101073
102400
102400
103495
102400
102400
102400
102364
102400
102400
102400
102400
102390
102400
102335
102394
102400
102408
102392
102400
102400
101084
102400
102400
102400
102400
102400
102400
102712
102088
102400
102400
102400
102400
102400
102400
102400
102400
102400
