102400
102400
102400
102400
102400
102400
102400
102400
102400
102400
102400
102400
102400
102400
102400
102400
102400
102400
102400
102600
102400
102400
102400
102400
102400
102400
102400
102400
102400
102400
102400
102400
102400
102400
103561
102420
102380
102400
102400
102400
101800
102400
102400
102400
102400
102400
102400
102400
102400
102400
102400
102397
102374
102400
102400
102400
102400
102400
102550
102755
102045
103404
101396
102400
102400
102400
102400
102400
102400
102400
102400
102400
102400
102400
102400
102400
102400
102378
102400
102400
102400
102400
102400
102400
102400
102400
102400
102400
102529
102271
102400
102400
102400
102400
102400
101922
102400
102400
102400
102400
