102374
102400
102400
102400
102400
102400
101427
101414
104700
100136
102364
102400
102400
102400
102400
102434
102366
102400
101657
102400
102400
103045
101755
102400
102400
102400
102400
102400
102400
102400
102400
102400
102400
102400
102400
102400
102418
102453
102329
102400
102400
102400
102400
102400
102263
102400
102400
102400
102400
103436
101364
102400
102400
102400
102400
102400
102400
102400
102400
102400
102400
102400
103095
102400
102400
102400
102400
102400
102400
102400
102400
102400
102400
102400
102400
102400
102400
102400
102400
102400
102400
103463
101337
102400
102400
102400
102400
102400
102400
102400
102400
102400
102400
102400
102400
102400
102400
102400
102400
102520
