103332
101468
102400
102400
102400
102400
102425
102375
102400
102400
102400
102400
102400
102400
102400
102400
102400
102400
102400
102747
102053
102400
102400
102400
102400
102400
102400
102400
102400
102400
102400
102400
102400
102400
102400
102400
102400
102400
102400
102400
102400
102400
102400
102400
102400
102400
102400
102400
102400
102400
102400
102400
102400
75157
102400
102400
103581
101219
102400
102400
102400
102400
102400
102400
102400
102400
102400
103333
101467
102400
104984
102400
103774
102400
102400
102400
102400
102400
102400
102400
102199
102400
102400
102400
102400
102400
102400
102400
102400
107800
97000
102400
102400
102400
102400
102400
102400
103333
101467
102400
