102400
102400
102400
102400
103198
101602
102400
103476
101324
102400
102400
102400
102400
102400
102400
102400
102379
102415
102400
102400
102400
102400
102400
102400
102400
102400
102400
102400
100618
102438
102400
102400
102400
102400
102400
102400
102400
102400
102400
102400
102400
102400
102400
102400
102400
102400
101864
102400
102515
102285
102400
102400
102400
102400
102400
102400
102400
100159
102400
104451
102400
102400
102400
102400
102400
102400
102400
102400
102400
102400
141055
63745
102400
102400
102425
102375
106971
99274
101104
102553
102400
102400
102400
100888
102400
103132
101668
102400
102400
102400
102400
102401
102400
102400
102400
102400
102400
102400
102415
102755
