102400
102400
102400
102400
102400
102400
102400
102400
102400
102400
102400
102400
102576
102224
102400
102400
102400
102400
102400
102400
102400
102400
102400
102400
102400
102400
105340
99460
102400
102400
102445
102355
102400
102400
102400
102400
102483
102317
102400
102400
102400
102400
102400
102400
102400
102400
102400
102400
102447
102353
102400
102400
102400
102400
102400
102400
102400
102400
102400
102400
102400
102400
102400
102400
102400
102400
102400
102400
102400
102400
102400
102400
102400
104465
100473
102400
102400
102400
102400
102400
102400
102400
102400
102400
102400
102400
102577
102400
102400
102400
102400
102400
102400
102400
102400
102400
102400
102400
102400
102400
