102400
102400
102400
102400
102400
102400
102400
102400
102400
102400
102400
102400
102400
102400
102400
102400
102400
102400
102400
102400
102400
102414
101859
102400
102996
102409
102391
103422
102400
102400
102400
102400
102400
102400
102400
102400
102400
143187
61613
102400
102400
102400
102400
102400
102400
102400
102400
102400
102400
102400
102400
102400
102400
102400
102400
102494
102306
103150
101650
102400
102400
102422
102378
102400
105497
100325
101378
102518
102380
102950
101752
102526
101432
101745
102536
102351
103002
102939
101957
102467
102333
102400
102400
102400
102400
102400
102400
102400
102400
102400
102400
102400
102400
102400
102400
102765
104287
99739
103435
101365
