102400
102400
102400
102400
102400
103108
102400
102400
102400
102400
102400
102400
102400
106600
102400
102400
102400
102400
102400
102400
102400
103080
101663
102069
102400
102400
102400
102400
102400
102400
102400
102400
102400
102400
101306
105330
102400
64629
102400
102400
102400
102400
102400
102400
102400
102400
102400
102400
102400
102400
102400
102400
102400
102400
102400
102400
102400
102400
102400
102400
102417
102383
103473
101327
102400
102400
102400
102400
102400
103135
101665
102400
102400
102400
102400
102381
102298
102400
102400
102400
102400
102400
102400
101922
102290
102400
102400
104101
102400
102400
102400
102400
102400
102400
102792
102120
102288
103476
101324
102400
