102400
102400
101507
105038
99762
102400
102400
102400
102400
102400
102400
102400
102400
102400
102400
102400
102400
102400
102400
102400
102400
102400
102400
102400
102400
102400
102400
102400
102400
101171
102400
102400
102400
102818
102397
102400
102400
102400
102400
102400
102400
102400
102400
102330
102392
112678
92122
102400
102400
102400
102400
102400
102400
102400
102400
102400
102400
102400
102400
103277
102400
102414
102386
102400
102400
102400
102400
102400
102400
102400
102400
102400
102400
102400
102400
102436
102400
102400
102400
102104
102400
105660
99140
102400
102400
102400
102400
102400
102400
102400
102400
102400
102400
102786
102605
102400
102400
102400
102400
102400
