102400
102400
102400
102400
103470
101330
102400
102400
102400
102400
102400
102400
102400
102400
102400
102400
103060
101740
103024
102400
102400
102400
104263
100537
102686
106457
98057
102900
101900
102400
102400
102400
102400
101358
102392
102400
102885
101915
102400
102400
102400
102400
102400
102400
102056
102400
103318
101482
102400
102423
102377
102400
102400
102400
102400
102400
102799
102001
102400
103780
103444
102199
102400
102400
102400
102400
102400
102400
102400
102400
102400
102400
102400
102400
102400
102400
102400
102400
102400
102400
102400
102400
107825
102400
102400
102400
102400
102400
102400
102400
102400
102400
102400
102400
102400
102400
102400
102400
102400
102400
