102400
102400
102400
102400
102400
102400
104110
102400
102400
102419
102826
101955
102400
102400
102400
102400
102400
102400
103669
101131
102400
102400
102400
102400
132486
73438
101276
102400
102400
102400
102400
102400
102400
102400
102400
102400
102400
102400
102400
102400
101081
102400
102400
102400
102400
102400
102400
102400
102400
102400
102400
102400
102400
102400
102400
102400
102409
102391
102400
102991
102400
102400
102400
102400
102400
102400
102400
102400
103735
101065
102400
102400
102400
102400
102400
101146
102400
102188
102400
102400
102400
102400
102718
102400
102400
102400
102400
102400
102400
102400
102400
102400
102400
103308
102400
102400
102400
102400
102400
102400
