121694
102400
102400
102560
102657
102400
102397
102952
116836
87424
102400
102400
102400
102400
102400
102400
102400
102400
102476
102331
102379
102400
102400
102400
102400
102400
102400
102400
102400
102400
102400
102400
102400
101348
102400
102400
102400
102400
102400
116220
88637
102343
102400
102400
102400
102400
102400
102400
99645
102400
102400
102400
102400
102400
102459
104102
100698
102400
102400
102400
102400
102400
102400
102400
102400
102400
103470
101330
102400
102400
102400
102400
102400
102400
102400
102400
103841
100182
102400
102400
102698
102400
102400
102400
102400
102400
102400
102400
102400
102400
102400
108086
102400
102400
102400
102400
102400
101331
102400
102400
