102452
102400
102400
102400
102400
102400
102400
102400
103431
102400
102400
102400
102400
102400
102400
102400
102400
102400
102400
102400
102400
102400
102378
102400
102400
105138
100174
101888
102400
108628
96335
102237
102400
102400
102400
102400
102400
102400
102400
102400
103482
102400
103546
102400
102400
102400
102400
102400
102400
102400
102400
102400
102400
102400
102400
102400
102400
104609
102400
102400
102400
102400
102400
102400
102400
102400
102400
102400
102400
103351
101369
102400
102400
102400
102400
102400
102400
102400
102400
102400
102400
102400
102400
102400
102400
102400
102400
102400
102574
102368
102400
102400
102400
102400
102400
101332
102400
102400
102400
102426
