102400
102400
102400
102400
102400
102400
102400
102400
102400
102400
102400
102400
101734
102400
102400
102400
102400
102400
102400
102400
102429
102371
102568
102400
102400
102400
102400
102485
102315
103511
101289
102400
102400
102400
102400
102400
102400
102400
102400
149219
102400
102400
102400
102400
102400
102400
102400
102400
102400
102450
102574
102226
102400
102400
102356
101343
102400
102400
102400
102400
102400
102400
102400
102410
103035
101755
102400
103274
103180
102400
102400
102400
102400
102400
102400
102400
102400
102400
102400
102400
102400
103456
102400
103934
102400
102400
102400
102400
102400
102400
102400
102422
102378
102400
102400
102400
102400
102404
102400
102435
