102400
102400
102400
102400
102400
102400
102400
102400
102400
102400
102400
102400
102400
102400
102400
102400
102400
109425
95375
102400
102400
102400
102400
102400
102400
102400
102400
102400
102400
102400
102400
102400
102400
102400
102400
102400
102400
102400
102400
102400
102400
102400
102400
102400
102400
102454
102346
100159
102400
102400
102400
102400
102400
102400
102400
102400
102400
102501
102299
102400
102400
102400
102400
102400
103554
102400
102400
102400
102400
102400
102400
102400
102400
102400
102400
103835
102400
102400
102400
102400
102400
105855
102400
102400
102400
102400
102400
102400
102400
102400
102400
102372
102400
102400
102400
102400
102400
102400
102400
102400
