102400
102400
99377
102400
102400
102400
102400
102400
102400
102400
103430
101370
102400
102400
102400
102400
102400
102400
126686
78114
102400
102400
102400
102400
102400
102400
102400
102400
102400
102400
102400
102400
102400
102400
102443
102357
102400
102400
102400
102400
102400
102400
102400
103444
101356
102400
102400
102400
102400
102400
102400
102400
102400
102400
102400
102400
102400
102400
102400
102400
102400
102400
102400
102400
102400
102400
102400
102400
103488
101312
102400
103482
101318
103053
101747
102400
102400
102400
101345
102400
102400
102400
102400
102400
102400
102400
102400
102400
102400
102400
102400
102400
102400
102400
102400
102400
102400
100890
102400
102400
