102400
102400
102400
102400
102400
102400
102400
102400
102400
102400
102400
102319
102400
102423
102400
106156
98644
82555
102400
102400
102400
102400
102400
102400
102400
102400
102400
102400
102400
102400
102400
102400
102400
102400
102400
102400
102400
102400
102400
102400
102400
102400
102400
102400
102400
102400
102400
102400
102400
110385
94415
102400
102400
102400
102400
102400
102400
102400
102400
102400
102400
102400
102400
102400
102400
102400
102400
102400
103310
101490
102400
102400
102400
102400
102400
102400
102400
102400
102400
102400
102400
102400
102400
102400
102400
102400
102400
102400
103297
102400
102400
102400
102400
102400
102400
102400
102400
102400
102400
102400
