102400
102400
102400
102400
102400
102400
102400
102400
102400
102400
102400
102400
103297
101503
102400
102400
102400
102400
98903
102400
102400
102400
102400
102400
103028
101772
102400
102388
102400
102400
102400
102400
102400
93472
102400
102400
102400
102400
102400
102400
102400
83646
102400
102400
102400
102400
102400
102400
94268
102400
102400
102400
102400
102400
102400
102400
102400
102936
102400
102400
102400
102400
102400
102400
102400
102400
104655
102400
102400
102400
102400
102400
102400
102400
102400
102400
102400
102400
102400
102400
102400
102400
102400
103309
101491
102400
102400
102400
102400
102400
102400
102400
102400
102400
102400
102400
102400
102400
102400
102400
