102400
102400
102400
102400
102400
102400
102400
102400
102400
102400
102400
102400
102400
102400
102400
102400
103457
101343
102400
102400
102400
102400
102400
102400
102480
102400
102400
102400
102400
102400
102585
102400
103038
101762
102400
102400
102400
102400
102400
102400
102400
102400
102400
102400
102400
102400
102810
102400
102400
102400
102400
102400
102414
102400
102400
102400
102400
102400
102400
102400
102400
102400
102400
102300
102400
102400
102957
102400
102400
102505
102400
102400
102400
102400
102304
102400
103299
102400
102400
102400
102400
107891
94850
102400
102400
102400
102400
102400
102400
102400
102555
102245
102400
102400
102400
102400
102400
100746
102400
102400
