102400
102400
102400
102400
102400
102400
102400
102560
102400
102400
102400
102400
102400
102400
102400
102400
102400
102673
102127
102400
102400
102400
102400
102400
102400
102400
102400
102400
102400
105144
101682
102400
102400
102400
102400
102400
102400
102400
102400
102400
102400
102400
102400
102400
102400
102400
102400
102400
102400
102555
102245
102400
102400
102400
102400
102400
102400
102400
102400
102400
102400
102400
102400
102400
102400
102400
102400
105168
101965
102140
102400
102400
102400
102400
102400
102400
102400
102400
103490
101310
102400
102400
102400
102400
102400
102400
102400
102400
102400
102400
102400
102400
102400
102400
102400
102400
102400
102400
102400
102400
