102221
102400
102425
102375
102400
102400
102400
102400
102400
102400
102400
102400
103466
101334
102400
102400
102400
102400
102400
102400
102400
102563
102400
102400
102422
102400
102400
102400
102400
102400
102400
102400
102400
102400
102400
102400
102400
102400
102400
102400
102400
102400
102400
103463
101337
102400
102400
101909
102400
102400
102400
102400
102400
102400
102400
102400
102400
102400
102400
102400
102400
102400
102400
102400
102400
102563
102373
102311
101721
102431
102369
102400
102223
102400
102400
102579
101723
102400
102459
102341
102508
102343
102400
102400
102400
102400
102400
102400
102400
102400
102400
102400
102400
102400
102400
102400
102400
102400
103456
102400
