102400
102400
102029
102400
102400
102172
102400
102400
102400
102400
102400
102400
102400
102400
102400
101801
102400
102400
102400
102400
102413
102387
102400
102400
102400
102400
102400
103090
102400
102410
102390
102400
102400
104120
102400
102400
102400
102400
102831
102457
102400
102418
102382
102400
102400
102400
102453
102351
102396
102400
102400
102400
102400
102400
102400
102400
102400
102400
102400
102400
103774
102400
102400
102400
102400
102400
102400
102400
102400
102400
102400
102400
102400
102400
102400
102400
102400
102400
102400
102400
102400
102400
102400
102400
102400
102400
102400
102400
102400
102400
102400
102596
102204
102400
102400
100747
102400
102400
102400
102400
