102400
102400
101478
103778
105513
102400
102400
102400
102400
102400
102400
102400
102400
102400
102400
102400
102400
102400
102400
102400
102400
102400
102697
102103
102400
102890
102400
102400
102400
102400
102400
102400
102400
103323
102400
102400
102400
103085
102400
102400
102400
102400
102400
102400
102400
102400
102433
102367
102400
102400
102400
102400
102400
102400
102400
102400
102400
101475
102400
102400
102400
102400
102400
102400
102400
102400
102400
102400
102400
102400
102400
102400
102400
102400
102400
102400
102400
102400
102400
102400
102400
101463
102400
102400
102400
102400
102400
102400
102400
108579
134190
102400
102400
102400
102400
79815
102400
102400
102400
102400
