102400
102400
102400
102400
102400
102400
102400
102400
102400
102400
102400
102400
102400
102400
102400
102400
102400
102400
102400
102400
102400
102400
102400
102400
102400
102400
102400
102400
102400
102400
102400
100467
101552
102400
102400
102400
102400
102400
102400
102400
102400
102400
102400
102942
102400
102400
102400
102400
102400
102400
102400
102400
102385
102400
102400
102400
102400
102400
102400
102400
102400
102400
102400
102408
99597
102400
102400
102400
102400
102400
102400
102400
102400
102400
102400
102400
102400
102400
102400
102400
102400
102400
102400
102400
102400
102400
102409
102391
102400
102400
115688
89112
102400
100499
101522
102400
102400
102400
102400
102400
