102400
102400
102400
102270
102400
102400
102400
103552
120495
102435
102400
102400
102400
103726
101074
102400
102400
102400
102400
102400
102400
102400
102400
102400
118885
102400
102400
102400
102400
102400
102400
102400
102400
102400
102400
102400
102400
101071
102400
102400
102400
102400
102400
102400
102400
102400
102400
102400
102400
103149
102394
102400
102400
102400
102400
102400
102400
102400
102400
102400
102400
102400
102400
102400
102400
102400
102400
102400
102400
101890
100892
102400
102400
103051
102400
102400
102400
102400
102400
102400
102400
102400
102400
102400
102400
102400
102400
102400
102400
102400
102400
103268
102352
102400
102400
102400
102400
102400
102400
102400
