102400
102400
102400
102462
102338
102400
72446
102400
102400
102400
102400
102400
113806
90994
102400
102400
102400
102400
102408
102392
103384
102400
102400
102400
104405
102400
102400
91755
102400
102400
102400
102400
102400
104616
102400
102436
102400
102400
102385
102400
102400
102400
102400
102400
102400
102400
102400
102400
102400
102400
103612
101188
102400
102930
101870
102381
102400
102400
102400
102400
102400
102400
102400
102400
103065
101735
102495
102305
102400
102400
102400
102400
102451
91492
102400
102400
102400
102400
102400
102400
102400
102400
102400
102400
102400
102400
102400
102400
102400
102400
102400
103088
102400
102400
102400
102400
102400
102400
102400
102400
