102400
102400
102400
102400
102400
102400
102400
102400
102400
102400
102400
102400
102400
102400
102400
102400
102400
102400
102400
102400
102400
102400
102400
102400
102400
102400
102400
102400
102531
102643
102439
102225
102359
102407
102233
102252
102251
102378
102400
102400
102400
102964
102079
102157
102400
102400
103461
102427
102373
102400
102400
97785
102400
102400
102400
102400
102400
102400
102400
102400
102400
102400
102400
102400
102400
102400
102400
102400
102400
101356
102400
102400
102400
102400
102400
102400
110135
94665
102512
102843
102400
102430
102400
102400
102400
102400
102400
102400
102400
120031
84769
102400
102571
102229
102328
102400
102332
102400
102400
102579
