102400
102400
102400
102400
102400
101650
102400
102400
102400
102400
104558
102400
102400
102400
102400
102400
102400
102400
102400
102400
101245
102400
102400
102400
103567
101233
102400
102400
102400
102400
102400
102400
102400
102400
102400
105239
100313
101648
102400
102400
102400
102400
102400
102400
102400
102462
102338
102400
102400
102400
102236
102400
103912
102400
102400
102400
102400
102400
102400
102400
103064
102426
102374
105201
100359
102400
102400
102400
102400
104158
100642
102400
102400
102400
102400
102400
102400
102400
102400
102400
104336
99136
101962
119084
102400
102400
102400
101629
102400
102400
102400
102414
102386
102400
104612
101659
102400
102400
102400
102400
