102400
102400
102400
102502
102298
102400
102511
102289
102400
106459
98902
101839
102400
102400
102400
102400
102400
102491
102400
102400
102400
102400
102653
102261
102286
101053
102345
102400
102400
102400
102487
102313
102400
102400
102400
102400
102421
102379
102400
102400
102345
102543
102257
102400
102577
102223
102192
102400
102586
102224
102390
102400
102400
102400
102400
102400
102400
102400
103410
101390
102400
102400
102400
102400
102400
102400
102400
102400
102400
102400
102400
102400
102400
102400
102400
102400
102400
102400
102400
102400
102400
102400
102400
102400
102400
102400
102400
102400
102400
102400
102400
102400
102441
102359
102400
102400
102400
102400
102400
102400
