102400
102400
102544
102256
102400
102400
102400
102400
102400
102400
102400
102400
102400
102400
102400
102400
102400
102400
102400
102400
102400
102400
102400
102400
102400
102400
102400
102400
102400
105669
102400
102538
102262
102561
102400
102400
102400
102400
102400
102400
102400
102400
102400
102400
102400
102400
102400
102400
102400
102328
102400
102400
101838
102400
102400
102400
102400
102388
102400
102400
102400
102400
102400
102400
102400
102400
102400
102400
103723
101166
102400
102400
102400
102400
102400
102400
102400
102400
102400
102400
102400
102400
102400
102400
102349
102400
102400
102400
102442
102358
102400
102400
102400
102400
102400
102400
102400
102400
103185
102400
