102400
101895
102400
102400
102400
102400
102400
102400
102400
102400
102400
102400
102400
102400
102400
102400
102400
102400
102400
102400
102400
102400
103750
101050
102400
102400
102400
102400
102423
102400
102400
102400
102400
102400
102400
102400
102400
102400
102400
102400
102400
102400
102400
102400
102403
102400
102400
102400
102400
102400
102400
102400
106007
102400
102376
102400
102400
102400
102400
102400
102400
102400
102400
102400
102400
102400
102400
102400
102400
102400
102400
102400
102400
102400
101020
103618
102400
102400
102400
102400
102400
102400
102400
102400
102400
102400
102400
102400
103218
102400
102400
102400
102400
102400
101027
102285
102400
102400
102400
102400
