102400
103761
101039
102400
102400
102400
102400
102400
102400
102400
102400
102400
102400
102400
102400
102400
102400
102400
102400
102400
102400
102400
102400
102400
102400
102400
102400
102400
102400
102400
102400
102400
102405
102400
102400
102400
102400
102400
102400
102400
102400
102400
102400
102400
102400
102400
102400
102400
102400
102400
102400
102400
102400
102400
102400
102400
102400
102400
102288
102400
102400
101869
102400
102400
102400
102413
102400
102400
102400
102400
102400
102400
102400
102400
101793
102400
102400
102400
102400
102400
103888
100912
102400
102400
102400
102400
102400
102400
102400
102400
102400
102400
102400
98508
102400
102400
102400
102400
102400
102400
