102400
102400
102400
102400
102400
102400
102400
102400
102416
102384
102400
102400
102400
102400
102400
102400
102400
102400
102400
102400
101350
102412
102400
102400
102400
102400
102400
102400
102400
102400
102400
102400
102400
102400
102400
102400
102400
102400
102400
102400
102400
102400
102400
102400
102400
102400
102400
102400
102400
102400
102400
102400
102407
100367
102400
102400
102400
102400
102400
102400
102400
102400
102400
102400
102400
102502
102298
102400
102400
102400
102400
102400
102400
102400
102400
102400
102400
102400
102400
102422
102378
102400
102400
102400
102400
102400
102400
102400
102400
102400
100346
101707
102400
102400
102400
102400
102400
102400
102400
102400
