102400
102400
102400
102492
102308
102404
102396
102400
102400
102400
102400
103004
101796
102400
105736
99064
102400
102400
102400
102400
102400
102400
105172
99628
102520
102280
102400
102400
102400
102400
102400
102400
102400
102400
102400
102629
103179
101392
102400
102400
102400
102400
102400
102478
102322
102400
102400
102400
102400
106416
98384
102400
102525
102275
102400
102400
102400
102400
102400
112235
92565
102400
102400
102400
102400
102400
102400
102400
99144
102400
102580
102220
102426
102374
102400
102400
102400
102400
102400
103419
101381
102400
102400
102400
102400
102400
102400
102400
102400
102400
115233
102293
102400
102400
102400
102688
102112
102400
109030
95770
