102400
102400
102400
102400
102400
102400
102400
102400
102400
102400
102400
102400
102400
102400
102813
101987
102400
102400
102400
102400
102400
102400
102400
103357
101443
102400
102400
102400
102400
102400
102400
102400
102400
102400
102400
102400
102400
102400
102400
102400
102400
102400
102400
102400
102400
102400
102400
102400
102400
102400
102400
106230
98804
102166
102400
103340
102400
102400
102400
102400
102400
102400
102400
102400
102400
102400
102598
102505
102209
102288
102400
102400
102400
102400
102400
102400
102400
102400
102400
102400
102400
102400
102400
102400
102400
102400
102400
102400
102400
102400
102400
102400
102679
102121
102400
102400
103337
101463
102400
102400
