102400
102400
102400
102400
102400
102400
102400
102400
102400
102325
102400
102400
102400
102400
102400
102400
102400
102400
102400
102400
102400
102400
102400
102400
102400
102400
102400
102400
102400
102400
102400
102400
105329
106769
95102
102400
103758
101068
102374
102400
102422
102378
102400
102401
102400
102400
102400
102400
102400
102400
102409
102391
102449
102351
102400
102400
102400
102400
102400
102400
102400
102400
102400
102400
102400
102400
102400
102400
102400
102400
102400
102400
102400
102531
102269
102400
101895
102422
102378
102400
102400
102400
102400
102400
102400
102400
102400
102400
102400
102400
102400
102400
102400
102400
102400
126042
78758
102400
102400
102400
