103329
102400
102400
102400
102400
102400
102400
102400
102400
102400
102400
102400
102400
102400
102400
102400
102400
102400
102400
102400
102400
102400
102400
102400
102400
102400
102400
102400
101651
102400
101482
102400
102400
102400
102400
102400
102400
102400
102400
102400
102351
102400
102400
102400
102400
102400
102400
102400
102400
102400
103342
101458
102413
102400
102400
103165
102400
102400
102400
102400
102400
102400
102400
102400
102400
102400
102400
102304
103143
102400
103781
101019
102400
102400
102400
102400
102400
102400
102400
102400
102400
102400
102400
102400
102400
102400
102400
102400
102400
102400
102400
102400
102400
102400
102400
102656
102144
102400
102400
102400
