102400
102400
102400
102400
102449
102400
102400
102400
102400
102400
102400
103310
102400
102400
102400
102400
102400
102400
102400
102400
102400
102400
102400
102400
102400
102401
102399
102495
102305
102400
102400
102400
102400
102400
102400
102400
102400
102400
102400
102400
102400
102400
102400
102407
102393
102400
102400
102400
102400
102840
101960
105312
100370
101518
102400
102400
102400
102400
102400
102400
102400
102400
102400
102529
102271
102400
102400
102400
102400
102400
102400
102400
102400
102400
102400
102400
102400
102400
102400
102400
102400
102400
102400
102400
102400
102400
102400
102400
102400
102400
103278
102400
102400
102400
102400
102400
102400
102400
102413
102387
