104183
102400
102400
102400
102400
102459
102400
102400
102400
102400
102397
102400
101371
102400
102400
102400
102400
102400
102400
102400
102400
102400
102400
102400
102400
102400
102400
102400
102400
102400
102400
102400
102400
102652
102148
102400
105842
102400
102400
102400
102400
102400
94189
102400
102400
102400
102400
102400
102400
102400
102400
102400
102400
102400
102400
102400
102400
102400
102400
102400
102400
103431
102400
102400
102400
102400
102400
102400
102400
102400
102835
114677
89688
102400
102400
101628
102400
102400
104019
102315
102400
102415
102400
102400
102400
102400
102400
102400
102400
102400
102400
102400
101376
102403
102397
102040
102400
102400
102400
102400
