102400
102400
102400
102400
102400
102400
102400
102400
102419
102381
102400
102400
102400
102400
102402
102398
102400
102400
102400
102400
102400
102400
102400
102400
103756
101044
102400
102400
102400
102400
102400
102400
102400
102400
102400
102400
102400
102400
102400
102400
102400
102400
102400
102400
102400
102400
102400
102400
102400
102400
102400
102400
102400
102400
103137
102400
102400
102400
102400
102400
102400
102398
103368
101457
102400
102400
102527
102273
102406
102452
103725
100966
102400
102400
102400
102400
102400
102400
102400
102400
102400
102400
102400
102400
102400
102400
102400
102400
102400
102400
102400
102400
102400
102400
102400
102400
103394
101406
102400
102400
