102400
102400
102400
102400
102442
102358
102400
102400
102400
102400
102400
102448
102352
102400
102400
102400
102400
102400
102400
102400
102400
102400
103860
100940
102400
102400
102400
102400
103280
101520
102400
121773
83027
102400
102400
102400
101215
102400
102400
102400
102400
135106
69694
102400
102400
102400
102400
102400
102400
102400
102400
102400
139269
102400
102400
102400
102400
102400
102400
103287
102400
102400
102400
102400
102475
102325
102400
102400
102400
102400
102400
102400
102400
102400
102437
102422
102378
102400
102400
102400
102400
102400
103143
101675
102382
102400
102400
102400
81021
102392
102400
102400
102400
102400
102400
102400
102400
102400
102400
102400
