102400
102400
102016
102400
102400
102400
101410
102400
102400
102400
102400
102400
102400
102400
102400
102400
102400
102400
102400
102400
102400
102400
102400
102400
102605
102195
102400
102400
105147
102400
102400
102400
102400
102400
102400
102400
102400
102433
102400
102400
102400
102400
102400
102400
102400
102400
102400
102533
102400
102400
102400
102400
102403
102426
102400
102412
102388
102400
102400
102400
102400
102400
102400
102400
102400
102400
102380
102400
102133
102400
102400
102400
102400
102400
102400
102400
102400
102400
102400
142858
102400
102400
102400
102400
102400
102400
102400
102400
105174
100328
101698
102400
102400
102400
102400
102400
102400
102400
102400
102400
