102400
102400
102400
102400
102400
102400
102400
102400
102400
102400
102400
104168
101568
102400
102400
102400
102400
102400
102400
102400
103455
104341
102400
102400
102400
102400
102400
102400
102400
102400
102400
102400
102400
102400
102400
102400
102400
102400
102474
102400
102400
102154
103436
101326
102227
102500
102800
101900
102506
102400
78395
102400
102400
102400
102400
102400
102400
102400
102400
102400
102400
102400
102400
102400
102400
102400
102400
103476
101324
102400
102400
102400
102400
102400
102400
102400
102400
102400
102400
102400
102400
103486
102500
102315
102462
102643
102080
102400
102288
102400
102400
102400
101276
102400
104192
102400
102400
102400
104359
102400
