102400
102400
102400
102400
102400
102400
102400
102400
102400
102400
102400
102400
102400
102400
102400
102400
102658
101723
103275
101544
102400
102400
102400
102327
102400
102400
90690
102400
102400
102400
102400
102400
102400
90384
102400
102400
102400
102400
102400
102400
102400
102400
102400
103284
101516
102400
102400
102400
102400
102400
102400
102400
102400
102400
102400
102400
102400
102400
102400
102400
102400
103493
102400
102400
102400
102400
102400
102400
102400
102400
102400
102400
102400
102400
102400
102400
103782
102400
102400
102400
102400
102400
102400
103276
102400
102400
102400
102400
102400
102400
102400
102400
102400
102400
102400
102400
102400
96799
102400
102400
