102400
103430
101370
102400
102400
102400
102400
102400
102400
102400
102400
102400
102400
102400
102400
102400
102400
102400
102400
102400
102400
102400
102400
102400
102400
102400
102400
102400
102400
102400
103056
101744
102400
102400
102400
102400
102400
103413
102400
102400
102400
102400
102400
102421
104942
102553
102568
102444
102404
102352
102627
102591
101982
102400
102400
102400
102400
102400
102400
102400
102400
102400
102400
102400
102400
102400
102400
102467
102333
102400
102400
102400
102400
103414
101386
102400
102400
102400
102400
102400
102400
102400
102400
102400
102400
102400
102400
102400
102400
102400
102400
102400
102400
102400
102400
102400
102400
102421
102379
102400
