102400
102400
102400
102400
102400
102400
102400
102400
102400
102400
102400
102400
103430
101370
102400
102400
102400
102400
102400
102400
102400
102400
102400
102400
102400
102400
102400
102400
102400
102400
102403
102397
102400
102400
102400
102400
102400
102400
102400
102400
102400
102400
102400
102400
101377
104366
102396
102400
102400
102400
102400
102400
105478
100865
101018
102391
102678
101989
102381
102428
102502
102298
102873
101927
102718
102116
102886
102373
102446
101933
102425
102573
102402
102762
102443
101921
101969
102400
102400
102400
102400
102400
102400
102400
102400
102400
102400
102400
102400
102400
102371
102400
103419
101381
102400
102400
102400
102400
102400
102400
