102400
102400
102400
102400
102400
102400
102400
102400
102400
102400
102400
102400
102400
102400
112537
102400
102306
102400
102400
102400
102417
102383
102400
101834
102400
102400
102400
102400
102400
102400
102400
102400
102400
102400
102400
102400
102400
102400
102410
102390
102400
102400
102400
102400
102400
102400
102400
102400
101006
102400
102400
102400
99509
102400
102400
102400
102400
102400
102400
102400
102400
102400
102400
102400
102606
102400
102400
102400
102400
102400
100635
102400
102400
104625
102400
107636
97131
102400
102400
102400
102400
102400
101056
102400
102400
102489
102311
102400
102400
102400
102400
102872
102400
102400
102400
102490
102400
102400
102400
102400
