102400
102400
102400
102613
102187
102400
102400
102423
102377
102400
102462
102400
102400
102400
102400
102400
107299
97501
103296
101504
102400
102400
102400
102400
102441
102400
102400
102400
102400
102400
102400
102400
113675
91125
102400
102400
102400
102409
102400
102400
102510
102290
102400
102400
102400
102407
102400
102400
102400
102400
102429
102371
102400
102400
130064
74736
102400
102400
102400
102400
102400
102400
102400
102400
105808
98992
102400
102400
102400
102400
102400
102400
102400
102400
102400
102400
102400
102400
102400
102400
102400
102400
102400
102400
102400
127114
101152
82805
102400
102400
102400
114839
89961
102400
102400
102400
102400
102400
102400
102400
