102280
102400
102400
102574
102301
117646
87079
102411
102400
102400
102400
102507
102338
102355
103825
100975
102400
102400
103609
101191
102400
102400
102400
102400
102400
102400
102435
103781
102400
102400
102400
102470
102400
102448
102352
102400
102400
102400
102400
102400
102400
102400
101354
102400
102400
102400
102400
102400
102400
102400
102400
102400
102400
102400
102400
102400
102400
102400
102400
102400
102400
102400
104412
100388
103534
102400
102400
102400
102400
102400
102400
102400
102400
102400
102400
102400
102400
102400
102400
102400
102400
102400
109876
94924
102400
102400
102400
102400
102400
102400
102400
102400
102400
102400
103450
101350
102400
102400
102400
102400
