102400
102400
102400
102400
102400
102400
102400
102400
102400
102400
102400
102400
102400
102400
102400
102400
103418
101382
102400
102400
102400
102400
102400
102400
102400
102502
102298
102400
102400
102400
102400
102400
102206
102479
103129
101635
102479
102321
102466
102823
102082
102236
102393
102459
102341
102475
102408
102421
102307
103125
101690
102401
102358
102473
102502
102225
102402
102400
102400
102400
102400
102400
102400
102400
102400
102400
102632
102490
102400
102400
102400
102400
102400
102400
102400
102492
105069
102400
102400
102400
102400
102400
102400
102400
102400
102400
102400
102400
102400
102400
102400
102400
102400
102400
103397
101403
102400
102400
102400
102400
