102400
102400
102400
104027
105145
102400
102400
102400
102400
102400
102400
102400
102400
102400
102400
102400
102400
102400
102400
102400
102400
102400
102400
102400
102400
102400
102400
102400
102400
102400
102400
102400
103109
102400
102509
102373
103305
101413
102501
102390
103315
102383
101550
102295
103321
101666
102187
102694
102391
99505
102400
102400
102400
102400
102400
102400
102400
102400
102400
102400
102400
102400
102400
102400
100151
102400
102400
102400
102400
102400
102400
102400
102400
102400
102400
102400
102400
102400
102400
102400
102400
102400
102400
102400
102400
103407
101393
102400
102400
102400
102400
102400
102400
102400
102400
102400
102400
102400
102400
102400
