102400
102400
102400
102400
102400
102400
102400
102400
102400
102400
102400
102400
102400
102400
102400
102400
102400
102400
102400
102400
102400
102400
102400
102400
102400
105649
101682
102400
102400
102400
102400
102400
102400
102400
102400
102400
102400
102400
102400
102400
102400
102400
102400
102400
102400
102616
102207
102400
102400
102400
102400
102400
102400
102400
105168
99632
102400
102400
102400
102400
102400
102400
102400
102400
102400
102440
102360
102400
102400
102400
102400
102400
102400
102400
102400
102400
102400
102400
102400
102400
102400
102400
102400
102400
102400
102400
102400
102400
102400
101659
102400
102400
102400
102400
102400
102400
102400
102400
102400
102400
