102400
102400
102400
102400
102400
102400
102541
102262
102400
102400
102400
102400
102400
103423
102400
102530
102400
102400
102400
103215
102400
102272
102400
102400
102400
105033
99839
104790
102091
102386
102350
102400
102400
102400
103442
101358
102400
102437
102363
102569
102231
102400
102400
102400
102400
102400
102400
102400
102400
102400
102400
102400
102400
102400
102400
102390
102580
102262
102444
102400
102526
102274
102400
102400
102400
102733
102067
102400
102400
102400
102400
102400
102400
102400
103841
102400
102400
102400
102400
102285
102400
102476
102400
104437
100375
102400
102400
102400
102400
102400
102400
102269
102400
102400
102400
102400
102400
102384
102380
103518
