102400
102400
102400
102400
102400
102400
102400
102400
102400
102400
102400
102415
102400
102400
113898
90902
105192
102400
102400
102400
102400
102400
102400
102400
102400
102400
102400
102400
102400
102400
102400
102400
102400
102396
102400
102400
102400
102400
102400
102400
103043
102400
102400
102400
102400
102400
102400
102400
102400
102436
102400
102400
102400
102400
102400
102400
102400
102400
102400
102400
101653
102400
102400
102400
102400
102400
102400
102400
102490
102400
102400
102400
102400
102400
102400
102745
102055
102400
103628
101172
102400
107905
96895
102400
102400
102400
102400
102400
102400
102400
102400
102400
102400
102400
102400
102400
102400
102400
102400
102400
