102400
102400
102400
102400
102400
102400
102400
102400
102400
102400
102400
102400
102400
102400
102400
102400
102400
102400
102400
102400
102400
102400
102400
102400
102400
102400
102400
102400
102400
102400
102400
102400
102400
103670
101170
102532
102228
102400
102400
102400
102400
103453
101347
102400
102400
107583
92334
102135
102388
102400
102458
102400
102400
102400
102400
102400
102400
99451
102400
102750
102400
102400
102400
102400
102400
102400
102400
102400
102400
102400
102400
102400
102400
102400
102400
102400
102400
102400
103239
102400
102400
102400
102400
102400
102662
102812
103031
102385
103644
101138
102560
103287
101353
102400
102400
102370
103239
102400
102400
102400
