102400
102400
102400
102400
102891
101909
102400
102400
102400
102400
102400
102400
102400
102400
102400
102400
102537
102263
102400
102400
102400
102400
102400
102400
102400
102400
106604
98196
103032
101768
102400
102400
102400
102400
102400
102400
102400
102400
103697
101103
102400
102400
102400
102400
102400
102400
102400
102400
102400
102400
102400
102400
102400
102400
102400
102400
102400
102400
102400
102400
102400
102400
102422
102378
104896
102400
102400
102400
102400
102400
102400
102400
102400
102400
102400
102400
103721
102400
102400
102400
102400
100490
102400
102400
102400
102400
102400
102400
102400
102400
102226
102400
102400
102400
102400
102841
101959
102400
102400
102400
