102400
102400
102400
102382
102400
102400
102400
102400
102400
102400
102400
102400
102400
102400
102400
102400
102400
102400
102400
102400
102400
102400
102400
102400
102400
102400
102400
102400
102400
104058
100742
102400
102400
102400
102400
102382
102400
102400
102400
102400
102400
102400
102400
104002
102400
100423
102400
102400
102400
102400
102400
102400
101054
102400
102400
102400
102400
102400
102400
102400
102400
102400
102400
102400
102400
102658
102142
102400
102400
102400
102118
102400
102400
102400
102757
102043
103747
101053
102400
102400
102400
102400
102400
102413
102387
102400
102400
102400
102400
101680
102400
102400
102400
102400
102400
102400
102400
102400
102400
102400
