102403
102397
102400
102400
102400
102400
102400
102484
102316
102400
102400
102400
102400
102400
102400
102400
102400
102400
102400
102400
105190
100347
102400
102400
102400
102400
102400
102400
102400
102400
102400
102400
102400
102400
102400
102400
108407
96393
102400
102400
72765
102400
105182
100352
101666
102400
102400
102400
102400
102400
102400
102454
102346
102400
102400
102400
102421
102400
102400
102400
103770
102400
102400
102400
102400
100774
102790
102400
102400
102400
105197
102400
102400
102400
102400
102400
102400
102400
102400
102400
102400
102400
102400
102400
102400
102400
102400
102400
102400
102417
102400
102400
102400
102400
102400
102400
102400
102400
105560
99980
