102400
102400
102400
102400
102433
102367
102400
102680
102400
102400
102400
102400
102400
102400
102400
102400
102400
102400
102400
102400
102400
102400
102400
102400
102400
102400
102400
102400
102400
102400
103207
102400
102400
102400
102400
102400
102400
102400
102400
102400
102400
102400
102400
102400
102400
102400
102400
102400
102400
105168
100362
101670
102400
102568
102400
102839
101961
102400
102608
102192
102400
102400
102400
102400
102400
102400
102400
102400
102400
102400
102400
102400
102400
102400
102400
102400
102400
102400
102400
113230
91570
102400
102966
101834
102400
102400
105165
102400
102400
102400
102400
102400
102400
100545
102400
102400
102400
102400
102400
102400
