102400
102400
100801
102400
103055
102126
102400
102400
102400
102400
102400
102400
102400
101324
102400
102400
102400
102400
102400
102400
102400
102400
102400
102400
102400
102400
102400
102400
102487
102400
102400
102400
102400
102400
102400
102400
102400
103467
102400
102400
102400
102400
102400
102400
102400
102400
102400
102400
105067
102376
102400
101322
102400
102400
101319
102400
102400
102400
102400
102446
102354
101254
102400
102400
102400
102400
102403
102397
103720
102331
101149
103918
100882
102400
102400
102400
102400
102400
102400
102400
102400
102400
102400
102400
102400
102400
102400
102400
102400
102400
102400
102400
102400
102400
102400
102400
102400
102400
104711
100089
