102400
102400
102400
102400
102400
102400
102400
102400
102400
102400
102400
102400
102400
102400
102400
102400
102400
102400
102400
104613
101393
102400
102400
102400
102400
102400
102400
102400
102400
102400
102400
102410
102390
102400
102400
102400
102400
102400
102400
102400
102400
102400
102681
102119
102678
102122
102694
102106
102563
102237
102400
102563
102148
102400
101391
102400
102413
102400
102400
102400
102400
102664
102358
102400
102400
102361
102520
102400
102400
102252
104830
100367
102003
102400
102400
102810
101990
102400
103421
101379
102400
102400
102400
102452
102348
102400
102400
102488
102312
102400
102400
102400
103072
101728
102400
108292
96508
102550
102250
102400
