131667
102380
102406
102410
102398
109551
102423
102377
102400
108694
96116
102397
115200
89597
99876
102392
102416
145239
59569
99762
102421
102398
102404
102397
102420
102380
102411
102392
102391
102413
102389
91025
104662
100139
106073
102310
105631
106088
130813
102404
129408
80142
102393
99710
101053
102572
102242
102386
102400
102419
102406
102399
102404
135935
68878
102378
102410
102385
102400
106180
98638
102389
102391
102402
102410
102394
102397
102423
102467
102320
120474
84333
113335
91461
102163
102409
102400
147208
58677
102362
102410
109934
102400
106206
98582
118431
86371
102400
102400
102400
105570
118368
86451
102377
102412
102415
41913
102412
110676
94111
