121242
71304
120131
84666
105697
100357
133383
70144
116803
135363
90507
130180
43945
102398
103112
152048
130600
23850
102388
102409
105851
105947
130078
67708
122186
82755
120739
85046
103887
130623
77510
97556
102419
111378
103872
95809
98534
102394
102457
133677
83145
90315
108714
97775
100712
102405
106236
129062
72425
132752
73455
116756
86128
101098
105603
102377
102852
101972
105068
110634
84405
107194
147049
63602
89650
102394
102412
111280
89176
102399
113020
140841
53708
135506
68939
102386
124429
84876
97895
102400
102411
159512
49772
97907
102414
119619
85830
115659
83171
116164
100935
91487
77289
108643
91973
102383
104883
99932
121247
108359
