79701
100187
103155
126790
78720
101737
79568
104166
117544
103532
119270
82257
102095
107205
101985
103045
102421
101689
116083
108035
102416
100890
120016
108800
95858
102346
102383
109483
95327
102518
102284
90488
101561
102304
103032
100954
128081
149885
40075
103323
102312
144148
102091
138818
67955
107447
126613
77570
103068
104558
100189
106203
97975
107759
106737
102244
122554
88723
96517
103932
100260
99894
101766
112768
105760
99801
106491
87185
109591
95228
101532
155059
62020
91598
107714
99986
127500
73798
102410
113927
91581
106551
104643
107398
119708
78183
101806
108584
93059
83511
102854
101862
102375
120510
101503
99001
99330
102257
119799
120244
