103498
102291
101409
102406
105075
103533
98601
102406
102393
103452
101342
115712
89083
102411
102401
102381
103990
109048
95685
102393
102380
103198
101614
132070
72721
102397
102423
110805
100938
96685
101170
102407
102895
101897
102417
105178
102798
102010
127392
102382
102412
102696
77544
111198
93587
102409
102403
102390
102411
205974
101208
102515
102294
102402
92139
102422
105605
99187
102497
102382
102403
102395
102409
102402
102399
110880
93926
102467
115343
123385
68418
109436
95341
102401
102399
109206
95614
109684
95118
102391
162650
42152
101145
102390
120932
83873
102416
102388
102402
102402
103306
101846
94684
100749
102129
102567
102231
104551
100252
102397
