111533
110502
90979
102411
102382
102416
102603
102392
102427
105863
106582
94711
110103
60527
101212
105384
75431
100680
113924
103424
105129
87106
102417
123141
106559
81178
71541
108400
103580
116098
88103
105403
105915
98922
125022
76701
118744
98539
116719
110185
80297
102419
104130
100660
102444
100218
80276
102168
102420
138867
65912
114793
89869
104350
102868
108165
115948
83515
102461
118611
85020
135338
69445
105300
137035
64876
109233
110408
87548
112534
92653
102037
106291
85445
102399
108614
96194
102408
124264
80525
102468
102347
174555
30891
103506
116377
86669
106992
99419
118749
98734
102404
135812
100489
100050
101953
102402
130119
74694
105890
