99752
103194
112844
91379
110283
94520
100334
114358
90439
105164
100801
99535
103204
100344
103441
99042
102381
102411
102388
102402
102408
71966
102394
102804
97840
102381
102413
102404
102383
104859
129826
72924
101992
102395
102387
102409
130419
74361
146423
58768
99928
102186
136701
68089
102400
141122
63678
102406
102394
102401
116871
87928
104015
100797
102395
102393
102400
102389
102418
105383
102416
106699
102469
98017
102443
102363
102394
102403
114124
90687
205538
101663
106169
110153
131958
61460
102265
104079
100722
102407
102393
102382
102490
102726
113626
102278
77151
102366
102383
102401
102384
102560
102249
102395
102409
102426
102557
103206
102140
100842
