102402
102398
102402
102396
100534
102197
102395
114848
124225
68149
102643
102692
101849
104172
100686
102336
103885
102834
100493
102388
100777
102406
102384
102404
106762
100158
102412
142877
58547
102395
117421
82865
102422
102441
102391
102423
102388
102389
102400
102400
102400
102410
102391
112429
108097
86670
47673
101645
101461
102376
102678
102122
124635
80183
102382
102404
102404
102402
102398
102397
102395
102413
102387
102409
102395
102853
104982
102404
102387
102394
102423
113320
102311
102334
102384
106297
98682
102239
102404
102405
102405
102387
204803
102281
102417
102390
133745
71057
102383
102427
102544
102866
101780
106963
97835
105117
104168
98793
101523
105048
