228104
179601
109192
96117
103629
107720
102420
100075
104139
102394
102400
102411
102377
102422
103495
102351
106696
95320
103454
100642
131332
75245
100644
102265
111544
102401
121382
83572
105852
109485
89948
104180
102387
112618
99210
123062
80716
102425
102943
120058
84392
102403
103105
101682
129694
74449
102615
99093
99200
98945
218551
104906
103088
102662
100176
77069
102260
102512
114606
93447
118974
99019
106135
132755
71129
104772
122873
77401
103540
102366
102404
100572
117242
106171
123098
79882
122537
84463
100565
104952
121028
84414
100567
111535
95091
205106
86781
100426
104248
102411
131102
92050
84186
120886
81933
123720
103244
132530
116852
90193
