101279
103121
107421
101556
74802
109289
95186
115236
100913
101656
101970
121795
82168
106849
101041
102748
102352
102482
103714
101656
101744
229484
83046
112717
86564
104798
99897
105665
127089
81863
121175
78316
87397
103235
138510
93082
101902
139089
104445
102163
117280
86947
102609
102183
114102
92063
112074
96562
99148
117501
83050
102901
101985
103468
107990
94026
112467
99742
103379
84076
102723
110484
126387
70300
102828
101946
102406
107123
115105
129866
113414
114192
74083
120714
82151
135310
105668
97749
124567
110467
65595
110151
105056
89888
115650
103145
101212
104872
100729
103128
103217
100075
150013
56245
93659
100518
136755
68043
108646
125661
