160804
43996
102565
102407
104307
100499
102380
102419
102390
87658
101687
111427
93373
115998
88822
102380
102413
102393
102394
102401
102399
102388
102397
102400
102402
102411
102404
102408
102396
102379
130959
73841
102407
102409
102408
102409
102392
103023
102811
89312
102414
102386
102422
102388
102407
102388
102418
102393
110237
103850
98874
107447
97363
107726
123353
76136
102389
102409
102385
102413
102390
102412
102394
102385
102413
103000
101810
102391
119821
84979
109054
102398
98331
101463
102421
102378
102394
102397
102408
108057
96752
102384
102420
102390
102390
102410
102390
102415
104745
100040
99998
102391
102393
102390
102400
102400
102404
121752
83068
102377
