102604
103202
83942
102420
111979
91874
132845
81426
105825
102513
105470
95520
102383
101896
102924
99959
110997
114719
96568
83097
205174
104644
142223
60879
99421
107313
102368
97774
134834
70727
120751
103895
76773
104660
103409
122642
72696
118114
108396
80420
102432
102343
102418
111685
117432
79994
115697
99495
114568
105201
110081
108586
115437
89060
102483
102410
93508
103481
130847
73206
102620
88198
119460
81226
101661
96614
120237
85154
107554
109295
88407
122362
99365
107113
129204
58489
101382
126431
74909
149801
67329
96629
104989
195923
104002
137456
80810
106115
103245
124981
106233
65435
108279
102897
81030
112137
91871
103215
113700
91125
