102355
94554
102382
102424
102401
102375
102426
102387
102387
102407
102393
109631
113508
84073
102393
102404
102410
102423
102385
99301
102382
102410
102390
102400
102407
102401
100328
102413
105055
99732
127038
78659
101164
97899
103253
104697
91398
100147
102419
102402
102384
103870
100926
102420
102402
102381
102414
102396
119636
85170
102381
102410
102407
102406
102403
114831
96327
100536
102390
102414
102405
102381
102400
102406
102399
102395
57464
102417
112285
92524
98983
102388
102501
102992
101699
102400
137179
102386
102410
102401
102426
102377
112556
92228
113995
90792
111146
102405
110354
132312
64826
100107
102623
102371
93638
101447
115428
89678
102108
102403
