84175
121186
99328
108168
107621
88640
105123
121923
45624
121314
115224
65315
102759
102228
102466
102247
110861
99010
119920
112895
73749
102273
133389
71549
102419
102401
101939
147016
107784
95541
103887
155292
104158
96320
127406
76184
102580
110472
94763
102545
102143
102661
102098
102383
101930
100218
82947
97096
101784
101020
112759
91392
102379
113284
91814
105701
100463
100852
135896
71309
103366
122529
78768
94100
85494
77619
110601
106689
79288
102096
141313
63471
103030
100905
118380
99071
90602
102523
119787
85247
82607
106974
98132
107026
117054
94230
103938
113266
121049
73164
117814
85730
101950
127170
79091
126501
78274
110701
116902
87890
