136792
67287
153162
52681
100621
104280
88644
102401
102411
101347
100468
105571
99231
151685
52765
124754
97149
85651
100558
141796
166591
103059
102401
100681
118547
87993
166381
36269
103511
126223
102282
102069
103082
84943
78834
85031
120090
76363
104544
117474
164331
46068
68463
203648
123388
78762
104055
115179
95806
93301
103159
101616
107112
107094
104595
120545
84238
106177
109017
118348
76062
102400
134185
83820
87032
84121
76152
64453
102418
86843
102399
108168
127060
86246
126566
126393
139843
47319
100150
103173
102649
102904
98657
128174
100335
129829
56032
103253
100661
115765
113614
102395
107889
96142
101827
126733
79401
107537
100125
107461
