102401
127210
80840
111283
123282
99261
72506
103834
101088
41442
102425
137976
66799
107553
107354
92387
137305
67401
151611
111590
115196
89501
117902
97993
111428
93371
102883
101918
130429
74373
102432
102371
119513
87271
101699
104373
100408
161206
102373
129544
75263
140922
74814
91553
102309
117962
87566
116784
92396
137584
68604
106410
91904
104143
100648
113836
99115
100650
102886
99075
102400
114482
107776
84942
113498
92403
106329
102384
105831
101320
104324
99598
85077
119982
109640
77571
123534
88841
95563
102025
102086
101940
100034
102404
105572
100175
106566
98421
127334
76056
108515
108077
90687
102300
210359
113742
110671
91411
102380
90735
