106836
165861
20615
119432
84291
113772
98671
114764
121374
85378
85864
104142
122295
80767
131532
77450
99077
121422
82516
102396
86870
102393
329702
79888
102376
114119
111052
85327
106994
139695
60812
102389
102401
101903
87842
105727
120682
83976
102405
76865
102380
140358
67465
94087
128008
76794
102397
105040
112805
102098
102603
102103
102738
101947
120494
84314
135460
75609
124307
79710
100846
106028
128020
78216
111299
123591
70875
102423
108611
153764
49528
122758
77338
102382
148950
56470
101776
102404
102395
104645
110712
91844
102658
105195
107486
99483
105191
99601
137979
86516
100485
102413
102393
103675
115718
89459
100762
116090
76822
112027
