112696
92639
69908
98526
96154
102106
102398
117481
118965
99940
73217
104085
100712
102387
102415
116868
106320
84034
103661
101102
217900
89318
129714
83208
103927
102399
117178
122976
99472
69980
102380
102408
105244
99679
90040
115824
91993
107592
106416
101841
104576
121484
64164
117980
102414
102498
123785
81499
102259
102385
102418
82307
102378
102402
102519
104089
106251
101122
119260
87519
96037
102400
109284
89274
98520
117539
125994
79458
100545
89468
101406
116902
87914
102379
102395
114015
116387
76798
142613
62202
113389
100667
88650
110422
64967
110071
77138
102654
120040
83962
106187
84439
109429
103294
101486
102399
102416
102384
113197
91606
