103672
105654
102275
97996
105582
102400
100240
105625
111414
89236
108146
106644
82388
102387
102450
102342
113120
91659
102399
102410
106608
98185
102423
105873
116392
105937
83612
105464
99626
102104
102386
128852
113426
86093
105605
104557
106873
92583
102382
103117
102372
126597
77722
123232
79491
114235
90554
69028
108333
104331
100849
106233
125325
75266
115679
89328
105609
108625
77578
110216
94603
104950
106353
108953
97180
90395
115248
94175
102212
102405
120861
102833
99235
121429
67637
106386
98427
116600
88188
120159
106358
132804
50280
110188
102622
111549
118373
69266
102331
113313
101349
90759
101765
117669
87143
97256
98863
99546
102400
102418
