84582
102376
102760
102051
102561
102573
126807
77703
102378
128396
76445
104811
100538
112962
91311
121210
87803
99621
102444
102474
121226
82896
103886
102630
84338
108561
100223
107396
94116
103116
105292
122770
78398
98460
123142
102569
106507
77242
133895
86039
96968
90771
103047
101737
102392
113319
93279
102119
95881
110169
117145
81060
130284
61606
102392
103796
100528
103890
102527
69912
108695
92504
106180
103274
109132
110596
86628
106675
98127
102673
110139
117370
135580
62612
84766
85674
100232
102506
118311
85364
106173
107996
94053
127090
83313
108135
194210
101642
102432
102360
103290
50853
104070
101020
125593
83840
104601
108382
83933
103417
