104562
100240
120030
84754
77266
120086
77595
120845
89142
122832
83933
135960
61691
102404
102393
104397
115704
121356
68141
102411
84476
111396
83840
100769
152641
53398
135910
68454
105519
98469
108377
122034
76792
107946
98763
116701
108736
115646
107437
82118
101098
118025
137178
70414
97774
102406
112624
114851
105568
113804
120551
84966
100130
102485
101305
77169
102272
164121
143134
102347
119152
90317
75200
161697
102171
113358
103352
90486
102393
106019
105666
83418
157543
53998
101586
103188
101775
102224
106595
100099
100496
142240
63385
101583
102392
104055
100963
114143
106355
94098
140274
56911
112975
74118
145438
59382
116530
88268
117691
99371
