123588
83798
122567
80977
110024
106908
102421
105712
106496
101683
82734
109308
97185
107619
80013
101991
101093
102413
123854
80948
102401
102400
102617
103692
132561
70742
120442
101858
99257
117637
87163
60210
121273
106728
106442
75167
118512
68102
103723
127703
75767
104135
146280
52060
95654
129183
136337
66392
103210
121219
83791
120069
116052
75388
113798
101335
92201
102339
102347
103720
107089
105545
93233
105400
112534
105108
85834
102515
115919
118572
105330
127742
82302
98363
104277
92252
140389
169183
105316
102764
136402
68254
121866
98866
106488
103718
101114
102389
99953
104451
144093
55582
215071
91800
137852
96005
102939
102366
106977
199915
