102416
102400
102391
162477
42373
71087
102415
102413
102409
99906
100233
109845
100946
97978
102410
102393
102416
105905
98899
102377
102422
102401
103091
101699
102405
102381
102426
102390
102405
102406
102394
43633
102383
102400
102400
102400
102405
102415
102391
102413
109079
120778
77334
97934
102389
102400
102410
102398
102403
102386
102396
102404
102416
102402
106900
106018
102411
97506
102397
102415
204805
102395
102385
102472
127455
77423
102937
101697
102399
102401
102413
102386
100806
102400
102406
102420
102396
102385
108413
96388
102418
102379
102395
106537
102424
102390
102401
102385
106014
97913
102403
102377
102410
143151
61287
133138
71683
102386
102404
102391
