99000
109743
96292
99832
98130
105504
98631
105923
158672
43248
102410
107898
104273
102639
101396
112454
122079
110331
86001
113905
90892
114074
106522
87292
105103
99828
108018
96823
129537
104302
101294
123640
103364
102233
102394
154129
62777
85637
203641
47495
93425
112365
83055
99843
75787
121813
82979
204804
117714
106016
92962
91514
110987
108845
88789
103840
107141
112668
85931
119708
97390
117622
114897
89140
100311
108686
98239
102380
105281
112807
92357
112183
86544
104160
97754
100441
102404
113213
121713
75082
101668
110498
94120
148098
72630
86115
130983
105681
83924
109181
105788
104309
80058
99503
102419
102419
105645
168629
53074
83943
