102288
102408
102387
102416
102396
102405
102388
102401
102388
102416
102384
102721
102083
102402
102409
102385
102418
102387
103477
113365
90376
147215
102409
102391
102416
106695
108059
92448
102392
102388
102403
102397
102414
106715
102391
98084
102398
98075
102402
102421
102378
110931
93886
102382
102408
102391
102412
102394
102409
106723
98073
120853
83942
102415
102591
102202
102408
102402
102391
97560
102764
103180
101626
103405
103815
104851
97546
117119
87656
102401
102867
101933
102400
102408
102406
102390
102403
118969
107303
101697
102401
102388
102399
102400
103697
101125
102378
102400
102400
103421
127431
76349
102399
102407
70882
102744
88426
107853
97313
75659
