87387
102289
120425
80250
100681
102551
102242
126243
102419
102401
113277
91947
125870
89535
133238
97552
163723
66962
62912
106381
102407
102390
102386
114818
89982
138196
66617
105358
99429
102407
165094
39720
105309
99483
102398
102394
102395
141123
63696
102381
102426
102379
102395
102412
102388
102400
87926
105333
102418
102398
102401
102383
102400
102417
102403
102386
102413
102503
102278
162919
41881
102407
102395
102398
102422
102414
102405
114101
90691
102407
102393
102386
102412
102379
102416
143866
102414
102375
102414
102394
102398
87650
86935
102393
110562
98502
98240
102280
102424
102649
122915
96405
107087
100644
99298
105424
106677
101232
99291
102426
