89508
117258
114895
71223
121859
74574
104050
151062
53782
102403
102389
114552
105404
100734
121605
72436
123289
79425
101753
126117
74103
102397
122869
106773
98769
121857
84294
121977
92666
90473
102388
104610
100188
102404
127256
96478
99369
106637
98954
76816
103813
102462
103520
184796
18084
147981
56148
120198
120806
97248
104380
97749
122659
76519
115327
117768
99788
101781
108022
96268
102384
116611
120156
70452
103034
101752
120422
105689
86831
96671
120808
83970
102418
102392
158869
61777
86562
83283
126256
95804
81681
102392
102393
116990
92282
103464
123738
87035
151463
49725
109460
124994
106993
75209
100068
103105
102515
102409
102749
100235
