130419
92782
102397
102396
102518
118481
86212
123425
82316
101472
120217
85309
101650
102408
104855
101535
106906
95723
102923
119677
102390
99083
52770
123772
81015
145868
59781
101572
101742
101933
102424
108935
95859
102400
102386
112823
92003
115571
95007
128097
77367
95550
102407
102395
102771
122493
108666
75664
102398
107347
99270
104947
119209
83769
121234
81024
102400
102410
103642
102403
99985
137301
80760
114620
107500
86689
102324
114823
95433
95434
130321
101389
103165
123743
80204
102394
112713
109762
84714
108136
121587
114610
114753
90072
104936
99840
103592
117216
106376
102389
102400
104353
100472
102403
102410
102406
102394
102380
103078
101734
