90527
99399
154905
52631
82355
64130
102401
128583
76236
102392
134448
81696
91041
102493
102331
130429
74352
102396
102413
116821
87966
99981
105009
99897
120877
83827
102390
102397
131970
75141
107067
114281
83538
104387
100416
120847
105341
130460
53497
101856
102414
107805
138070
85261
96047
101524
101941
150076
84670
101244
101845
101303
108889
111795
86843
102065
102406
144500
80543
82149
117127
109538
100700
101328
102001
113585
91226
112751
93537
105213
108972
107159
107156
84168
127332
75324
114152
198897
109031
96626
151318
98695
103486
107816
121556
83239
104441
100955
105341
98872
102393
102414
103148
123560
92116
90764
127925
77092
108134
88419
