110311
98918
105230
95648
90602
107836
96620
103151
122932
106927
76558
102862
101591
119097
87108
106654
95539
108734
102454
99377
102428
104242
106349
95546
125786
98530
106454
77549
102419
109646
102751
90073
102366
117244
88686
102068
120801
102567
102226
104289
102359
101278
113705
131168
99507
102341
108039
101824
103004
76009
102912
116680
122717
98601
134311
83275
99254
102400
102513
102691
102872
101926
99627
113255
90842
102369
118957
85845
123083
204935
99242
88590
98590
101330
111769
108267
100933
95989
129694
68872
100126
105304
108222
98714
131111
97449
105329
99490
171638
106634
102976
115201
89044
102392
108529
100406
129054
75002
105248
122020
