121408
102820
102725
102486
104200
118646
99432
85673
107452
99882
106749
101375
104294
137506
68298
121231
121340
63611
104913
124269
83378
99217
106384
114314
188556
132190
70965
111637
93762
97484
77971
102410
115856
121897
69755
107420
107689
52951
102323
119895
129586
73742
121691
102291
101041
99374
106387
90792
121522
106353
114018
67227
102521
102437
102427
90872
118692
86027
105361
99439
100996
104986
127490
76110
125901
80137
105058
142629
58656
115567
89163
99585
113678
90174
116160
121571
69453
108824
102421
131052
73479
101249
103247
100965
120595
93174
119109
78153
102443
100642
109324
147563
56559
97752
120105
84547
105770
94104
111945
107330
