102413
141062
63726
102387
102400
104392
102151
102398
113954
102381
102403
121921
82876
101567
102376
102423
108468
96316
113259
91534
106363
127817
76960
110861
153205
64294
81694
123791
102399
90777
102611
104580
102418
102386
102778
102029
103867
100914
106623
98177
102420
112319
99567
106557
98826
106300
96824
102414
102405
112071
99159
102306
114601
85065
106195
199429
110934
109809
86472
120939
96543
90963
126085
77473
102393
102395
108016
100139
121658
79806
132482
82813
94189
115191
100460
102384
102400
103166
102402
107117
112307
108897
81258
119011
85799
103569
101215
102412
102898
101890
127342
78183
103309
100765
104185
120949
80717
122302
84646
122092
