102400
102400
102400
102417
102383
102400
111157
98514
102380
102411
102389
102400
102418
88640
102424
102378
103266
106086
97846
107661
97133
102408
127257
77536
102400
102408
102209
101818
102392
102853
101965
95579
104329
100463
107661
97149
95392
124727
77080
102379
103019
101787
103793
115838
105166
99633
102466
102365
102369
110418
94386
102403
102390
102392
102800
97676
101753
102405
102392
102425
102375
102408
102417
102375
125162
105585
104698
102407
103520
102413
102394
102409
102383
115360
101715
102212
102400
110909
96205
100089
102403
143789
99813
102415
102391
102394
102411
102399
102411
102392
102390
102403
102416
100560
102679
102132
131972
72813
102882
101931
