109117
83687
109215
156402
39997
86709
100417
102381
115561
89170
101016
124175
84392
109722
101737
102409
102392
102420
59860
96723
100186
104911
111687
104561
101156
103489
103549
100728
102928
100387
103923
103864
119889
83938
105834
108041
114231
81506
101766
102570
104022
122197
101980
98052
110471
76690
104590
102256
110972
81471
104348
99997
104435
102459
100283
104507
204746
116591
88246
118215
99498
117806
85698
108571
87423
102402
110628
108712
87581
109683
94133
102407
102392
103454
102937
101275
124476
79884
132678
74180
100441
141769
65004
109407
108615
107549
84013
128406
85508
80637
102391
102993
132936
191528
84357
134119
71458
91940
124285
102893
