129424
75371
102402
102398
102400
136740
68060
102374
102408
102426
127401
72769
102390
102399
102418
102403
102401
102379
102400
102400
106600
102690
95459
96738
102389
102416
102390
102393
118834
102413
104738
122356
80108
102599
102185
110591
94212
102422
102376
102424
102400
102414
102787
102013
127379
102508
102416
102394
102402
102395
102413
102144
102415
102434
102355
102619
123667
75912
102407
102405
102409
102380
98379
105897
105693
102420
102400
102395
102405
102378
102402
102420
102379
102414
102405
102398
108055
96728
102401
102424
102388
127436
77353
102398
102394
103101
101718
102387
102396
102380
102421
102404
102401
102392
106295
98502
102406
102405
143100
102380
