102421
102811
104094
102168
102398
118218
50854
102391
102536
102377
103860
105475
107111
101003
102386
102401
102399
102420
118714
87854
100612
102426
102376
102420
102390
102408
102275
102406
102400
102411
102402
102398
102392
106597
101936
128000
76109
99349
102417
102387
102396
102424
102377
101295
102393
115627
90312
101245
102404
51550
102812
101971
102190
102392
102417
102406
102377
102400
204806
98207
102400
102421
116150
88638
102394
131766
73031
110789
94020
104736
100075
102402
102382
116288
138278
53199
101833
103686
101129
102408
80352
102386
102400
102413
102379
102401
105260
99534
102397
104647
102426
103613
140627
63394
106104
100213
102403
105679
102128
90581
