204805
102533
111298
99771
96005
119461
106487
76832
132521
83615
91010
102417
85119
102181
82099
104620
137499
68726
125781
75722
102042
159310
45488
114627
108655
83937
144714
60068
204802
102418
128249
118976
82092
107056
97750
102375
105729
101012
132874
71517
105553
99347
101922
103310
100338
107360
111366
98108
103985
127546
75057
102194
116812
107264
83664
105636
133296
67728
102392
91074
102395
102400
104235
143598
84858
76774
102412
118836
85971
104443
110795
139482
56196
117702
85762
102420
102395
113744
95685
113829
86339
102388
102421
108572
104355
102418
102426
102374
102409
122223
113293
84237
106005
97235
116833
90363
146850
85359
75405
106007
