78228
104635
100454
102044
105477
120756
80979
108146
96665
102779
102826
104211
102028
103542
141186
61310
142655
102249
106324
102623
99763
105087
78842
100927
104432
106697
95843
109419
95383
101006
111702
92636
113449
98959
102050
99878
101624
102216
103213
100156
120207
106044
87582
96991
123223
81674
122829
115975
68294
155481
53173
157489
63908
100310
106215
74464
102401
118210
86619
66298
145820
120774
103544
101120
77944
110642
138350
101466
102350
102419
114936
107161
102441
102351
116677
106395
84425
102097
117686
106906
82611
96008
108094
103515
95660
102726
101992
103821
100980
103902
106579
126016
104297
100563
102343
204805
110323
106176
130239
83640
