73095
81797
102395
102403
104187
99022
103324
116763
106271
87655
102401
102377
107841
125060
79717
104197
99987
102583
102219
147631
57175
102319
140373
89585
100800
104765
99512
121841
82950
53498
84476
150881
55997
121434
81292
102388
117165
101609
102421
102389
102393
103768
101439
132232
77513
79757
102412
132188
74881
108993
93530
92477
82311
96806
125709
102384
103646
100230
105845
112137
88606
102247
136505
68321
102400
104564
134233
54862
102394
111967
98873
106394
114042
112463
76834
102374
115698
109792
102400
103388
101530
111755
92927
106986
99216
118410
99500
87896
102446
55824
122290
113368
104390
118528
113194
100596
102258
119855
116123
102010
