102391
102400
102398
102400
102395
102413
102383
102407
96141
102397
102424
102401
102398
105343
102402
102401
108541
101971
101794
102496
128377
94912
144859
60114
102226
100865
102385
144253
60538
102415
102675
102110
204821
102385
102415
102392
102810
111395
93394
102394
102396
102423
112557
92224
102402
102374
102418
109788
94994
102404
102422
102387
102403
102407
120907
83899
102386
102396
105174
99798
102226
102409
71731
102401
102377
102400
101817
102424
94829
150298
54497
104372
100445
102393
102380
102411
106152
99522
119771
91375
96060
102394
102398
102436
102352
102412
102391
102420
57366
104143
102824
100244
102397
143060
61755
102377
102400
102400
102412
102405
