80585
108714
96060
125472
79333
102796
117038
87988
101777
115445
106803
84431
101888
100541
98938
80334
86986
85082
102346
121027
121032
71029
96534
112176
94077
101354
106323
99307
117211
86769
110945
91681
108749
142976
55475
119080
85730
102795
105885
99922
119330
85235
121458
82166
102428
143845
61467
101873
103281
109530
102484
163779
102419
104835
137254
65095
109643
108975
97594
110897
100539
95764
102409
102931
94443
102620
113899
115672
77952
101851
105082
101372
111742
123767
70037
102401
102423
102376
102796
133923
70481
120616
109890
76702
99399
102636
102619
102383
72182
81704
101562
105256
121165
77817
101511
102180
116950
89796
115818
107748
