102401
102413
102407
102395
102399
100519
102478
102514
175007
29657
102400
102416
102384
102400
102405
115087
89715
102398
35623
102393
102405
102378
104365
106618
102420
102375
105437
99363
102408
92069
102402
102395
102400
102057
102415
102409
102380
100855
102414
102409
101014
102395
102405
102401
102401
103714
101096
102403
102395
105458
77459
108196
99800
106476
95149
104768
102411
102377
102426
102374
102414
102386
102395
100250
106428
98341
161236
43541
102629
102180
103394
226264
79934
102423
102376
102403
102397
98018
62877
139119
63896
102400
104066
100738
102403
95538
102415
102397
102381
102424
102398
102378
102422
102385
100664
102405
102392
102417
108132
96668
