81226
102375
87673
113553
101673
108668
96135
131055
73737
102394
102388
102425
102375
102403
102397
102421
113088
102400
106117
103243
97821
102400
105929
98879
103210
107162
102400
77514
102423
102394
102390
80888
102392
102737
102065
102408
105481
97372
102394
102393
103253
101416
102410
102410
134125
70864
102191
102409
114218
192991
102383
102419
33785
96297
102389
102417
102383
102403
109154
95669
102394
102381
102420
106057
98722
102408
102404
105992
98796
102405
102419
102386
104234
105658
97910
101787
102407
102409
102404
102478
102619
102110
102394
102378
136297
68504
102400
102422
102401
102394
102383
102400
102400
214681
102382
102400
102400
102395
102383
102403
