102400
102417
102407
102399
103632
101150
102411
102388
102407
102389
102410
102390
102426
102398
102376
102400
102407
103487
102820
101990
102415
102401
102405
102401
102387
102400
102393
107473
97329
102417
102373
102426
117338
102393
102395
102404
109238
95567
81590
102390
102421
102538
102260
102381
103081
92933
102387
102390
102400
102410
145933
58872
101211
102420
122904
81879
102499
102310
102389
102638
102170
102392
102411
102398
102401
90880
102382
102386
102401
102377
102408
111451
93362
102393
102519
102277
103902
100876
102416
102390
102395
102418
102383
102424
102397
102397
104273
100530
102396
102400
102404
102398
102386
102418
102375
114116
90696
102411
102402
118482
