117962
86380
120256
84869
90308
102255
105045
102265
105821
101933
130632
72494
106862
97207
102352
103886
105757
106147
97225
99102
98598
102589
104595
137998
64709
108576
120951
77361
112754
92380
109660
101573
106153
61542
102536
102239
103930
100192
116759
101994
103151
101786
110792
92911
102376
105624
109413
94442
101287
103113
101615
120466
99844
102410
102415
127449
109256
96420
142063
57760
102326
103707
122789
85425
98403
105372
100241
141467
61765
102419
108991
77063
105330
103094
108085
79210
126648
109714
139888
58784
99506
100872
85279
123591
107440
93073
102392
111273
93538
111915
92859
102739
114826
92643
102815
99301
103143
101686
142500
86434
