102404
102375
103583
101267
102361
102389
102400
102409
98905
103922
102390
102399
102387
102416
102391
102394
102416
124859
80703
101626
102609
99691
102405
102396
102395
102413
102384
116294
88503
102413
105886
98923
102397
98419
102380
102407
102411
128542
102391
108020
95780
96271
118576
87329
77280
103075
102394
102384
102400
102400
102425
102413
102400
101053
101637
102409
102410
102583
103464
98785
104162
100623
102405
102392
102403
106240
99049
102750
107262
96707
102397
103806
112316
92488
102411
102399
102393
102403
102398
103471
102330
102393
102380
102376
102401
102422
115816
88961
102425
102417
111977
92802
102400
105051
99749
71867
102390
102403
102403
102386
