102398
124479
80321
102401
102398
102407
102394
102414
102405
102404
102389
102417
120387
84409
112922
91884
102381
102425
102534
106456
100544
108165
96635
103504
97921
106337
101579
204773
102416
102408
102377
102412
111766
122422
73006
102389
102426
87504
100851
102398
122768
82049
102404
127585
77213
102400
102406
102456
102400
102400
102411
102760
102014
102400
102417
122800
83025
102403
76061
102391
102392
102408
102374
119579
85235
127430
77374
102400
102388
102421
102394
102393
103426
101474
102286
102400
117374
127422
77381
102403
102403
102374
102421
109127
95652
102423
102379
120563
186682
102353
102400
102404
102415
102395
102388
102398
102398
102406
102402
102559
