102379
119076
85734
102549
102251
127264
77525
100535
102389
102400
102400
102419
111620
98783
96786
102392
102421
102378
102425
102375
92564
102398
102414
102173
102398
102793
99188
102326
102406
102385
102400
102427
102395
108761
96038
104144
104083
101365
102427
103308
101463
104474
100319
92733
102408
102408
102409
102383
127429
71755
102400
102453
109087
95727
102387
102411
104935
111720
90585
102371
102416
102384
102386
102422
160588
102401
102400
102414
101973
104331
102422
100446
102388
109978
101383
108695
96113
102386
102541
104188
102412
102394
140518
64274
102389
102400
102405
102408
103255
101539
102423
102391
102399
74480
102404
102389
102464
102360
102386
102393
