162626
51044
113666
80342
102392
102401
127982
119883
59339
102416
44080
159906
44901
103916
101671
102420
132151
72810
114642
89999
102378
102406
102394
103381
113034
86785
102393
122227
88062
116564
164511
50165
92513
115661
89139
81452
116899
87925
178616
53392
75318
131561
73395
204492
102410
113575
127554
77657
113468
101884
89188
219512
93785
112655
74204
100091
113866
121994
119660
97478
112189
99844
75247
130797
73988
112770
92044
181606
48009
83887
106355
92127
131448
73352
102965
101835
104636
102481
104789
99694
100398
113480
109074
165210
57485
66742
127197
77621
173297
52890
81078
109155
127635
77799
123618
81858
128279
96323
102377
101618
