108609
95762
100760
102411
102410
102374
102414
102450
102336
102407
102407
103948
100845
204793
102412
102420
90899
133062
69905
101898
116986
87810
102391
102412
120165
84640
103148
101653
102380
102404
102412
103782
101352
102062
117478
87416
102388
102396
109422
95374
102419
102421
87596
102400
133973
70302
102416
102395
102773
93621
100368
102401
129438
75346
102392
129738
91776
83707
102402
102398
102381
102400
103481
99865
102420
102504
146862
57819
102391
102416
102384
111120
94251
102406
102375
102406
102403
102410
102381
102416
102387
102407
102402
102394
141510
63289
102404
89763
102389
102402
102410
102389
102413
93263
102355
102378
102405
102746
102054
102416
