108907
97992
97726
102599
102068
102392
102427
102816
104300
137499
100985
105476
99332
105676
121063
138999
66252
91465
105976
106183
95927
104643
99623
107174
101773
98054
105740
100061
101103
102404
105298
116644
92852
94859
102332
82828
102704
77460
125396
78858
162871
99318
122799
82780
101135
103026
143164
109458
121681
100537
100880
103723
110490
100500
103207
135289
73797
107305
106134
94530
96998
105146
127909
76689
103406
104906
99406
102053
102202
79486
100556
127896
77679
104171
99596
102464
115761
88975
102531
111648
103962
112852
115406
106779
99197
122049
70925
115324
98290
102688
102571
100986
169310
35491
101771
104606
97167
101981
104343
101353
