102264
86901
102409
102391
102398
102396
102385
102394
102416
102391
102419
107567
101411
100394
102386
102408
102411
102407
102722
102078
102374
109245
95556
204814
102386
102399
102426
102374
102400
133875
72147
101199
102393
102386
102400
102376
107205
97595
102404
102414
102381
102400
102400
102396
102387
102394
102402
102401
102395
102400
108231
96569
102411
102391
102416
102390
102392
97827
118404
86391
102400
115679
89135
102386
102420
146863
57932
102386
102423
102385
110493
94298
102422
102378
102420
103378
102397
102400
127925
76882
102400
102433
102396
102418
102404
102402
102080
102411
102390
101416
101582
142147
102400
112436
92371
132423
72370
102400
102413
102404
