77581
116745
88063
102677
104872
84356
105253
106225
113805
121455
65287
102375
117315
69554
115870
106858
77597
173577
53764
79844
118278
86516
102414
102529
19005
101730
116783
91824
100227
56481
117432
130083
60847
83838
113358
96157
107138
191301
102422
108939
138892
63100
110679
90392
114625
138817
54083
121954
99240
85657
120134
121291
65775
128623
76188
102402
102378
102657
117143
87401
125173
126649
110066
107345
72462
102598
102208
252253
69618
120666
69457
151162
55942
100118
102386
103173
139710
103822
124002
121271
61927
102399
117576
99275
101853
94068
120489
106184
77367
102389
109777
95034
102392
103748
105937
113344
108202
103841
76141
129688
