128000
76603
115377
106401
86751
102361
146066
57490
117741
99293
105527
98774
90620
102410
102338
114796
133270
83800
119662
97051
100849
101279
121870
84216
121243
82271
80378
106951
97129
136937
130455
135469
71326
104075
98749
96240
169871
52941
84678
111808
92755
109087
95675
110504
166918
29788
104500
100275
107756
113829
106077
83872
121434
81431
123384
106388
77689
111862
106408
56539
104271
101859
92765
114205
198527
100019
92131
140380
64413
116026
101558
102568
100213
100729
102415
122942
106779
77458
135550
83123
68965
117396
87267
102676
106321
103311
127239
98514
113245
195318
105371
98098
111610
96231
107256
84029
102524
107408
97543
102630
