105634
100662
102405
102448
133687
71063
102391
102401
105051
116837
85326
135897
69038
104694
108421
138250
58094
115920
110430
80862
124669
104342
84967
95632
102392
102404
162487
40802
103909
102385
102410
102392
108189
101479
102402
114040
101900
102425
118223
117763
104293
93734
77966
102411
110310
93048
103857
102390
102743
102250
102209
104840
85440
84225
122587
82337
110036
102399
122235
105699
97213
84197
98493
103860
83757
60117
107239
109562
80053
101648
103201
120205
106542
86341
182766
102886
100817
103981
132093
87767
108003
97754
102389
96766
102043
102777
102382
102400
102402
104212
100590
121097
84060
105377
122532
78936
102416
116598
88190
102402
