204775
102418
106029
120923
89321
98888
102771
135371
69074
116508
88278
121691
83123
102400
105651
110811
93982
138814
61395
123785
76691
112518
93583
113293
91489
122064
82740
82881
102394
120077
106169
96918
143406
63363
109254
103416
112911
106196
87308
104557
119452
108061
68176
106005
121166
80045
103383
106627
67060
77108
101987
123355
106389
98414
81441
104385
100413
102391
102698
108853
99460
107869
106283
93008
100462
220915
131635
58115
106419
95950
101303
83837
111726
77805
126984
98852
82213
122243
106346
100205
102142
119242
105983
106896
97587
123266
183927
102383
108360
101833
102229
104317
66650
102384
119879
84929
102403
107060
136470
63694
