102388
102526
102362
102763
119421
85161
102173
102417
102377
102420
103723
101059
102421
102399
102383
102400
102407
102403
107018
102403
102386
102400
102424
102374
102400
102420
102401
102391
102408
102395
102410
102393
103893
100903
101785
100426
102405
102387
102400
165485
102395
102408
102396
98609
106661
98148
102378
102652
102148
102419
92427
99475
102388
102421
102401
102399
102379
102404
134657
67659
102382
102410
102403
102439
102355
102414
90002
112011
92768
100812
102395
102414
102380
102404
102405
100383
101993
105204
102412
102388
77405
102590
103705
102080
101398
142463
101149
102249
102499
346259
63247
102397
102453
102350
110569
94229
102404
102409
98566
102424
