208444
98731
102401
102422
117992
89191
99994
103560
107577
126728
72266
104128
107188
119288
80742
102385
102408
127620
102210
101709
103024
111999
41243
102387
105454
99350
104889
224011
80690
109565
95254
103400
101393
104012
125661
101136
102414
99052
94970
102455
102397
120074
86752
118742
85251
120528
82982
107512
102317
102401
121015
100797
88027
102382
103482
104456
107613
76697
143302
102410
186432
19631
101332
115943
87103
120288
131988
112129
106900
106465
98564
102967
112718
106790
87125
163937
40871
103753
102328
101267
102800
101862
102383
127340
78743
101119
104571
103226
99406
104977
103785
103518
109111
121122
108512
97598
118785
86443
101984
120883
