78568
100424
133143
72402
142678
83596
98932
99877
104514
100287
102403
106524
102386
102417
104225
105892
117693
101444
102393
110341
126779
70073
104206
114066
88948
108653
96141
102401
102391
80287
123757
81066
105830
105510
81239
128335
83805
95426
101977
102400
102578
102236
116168
105793
98079
94549
100459
144106
102070
87049
123827
94080
88704
107378
93470
84920
99973
121216
84563
104714
98567
102420
102570
80911
102406
112771
107337
203861
100346
104628
97948
137939
66881
107601
97179
109844
319510
82646
129885
98893
84685
98668
121319
93708
97131
97464
108508
156383
68943
109549
102962
94689
102423
102393
115915
86892
102415
123259
98477
100705
