102400
102413
102389
120291
84516
134684
70123
102401
112637
92151
102397
102536
102244
102419
102375
102401
102403
102394
102415
102388
104498
100306
102954
101856
102383
102410
101007
103049
122346
81825
102380
102410
102390
102400
127251
77574
102392
102404
102414
102388
105870
102415
102213
102381
102394
102424
102394
102404
102419
102399
103676
101125
102393
101162
102902
132779
103867
102373
102401
103294
100385
102621
112728
96601
118994
82017
129143
117963
62271
125562
77087
105702
99417
125176
103932
115332
90433
106221
106488
66740
102059
113343
76796
102400
102661
110321
119983
73258
127397
77574
84537
102390
161880
127985
179201
121016
83789
162409
42390
114071
