143941
165043
42442
102174
136270
68575
102375
102398
114190
90607
102394
102413
102389
102395
128935
75861
135395
102383
102417
102405
102398
102389
102390
102400
102416
102391
102387
132008
72792
102400
101980
100563
100675
103612
101188
95651
102789
102011
102409
102389
102409
107267
97688
102244
102418
102375
102424
101697
102407
102396
102395
102420
102379
102407
102416
130207
114859
62108
102400
102416
102388
102573
101358
102413
102380
102405
102408
102400
102400
102418
105096
99661
105568
82066
102425
102398
102405
112445
92827
101924
102394
102403
102394
102400
102406
102394
102400
104351
100466
102409
102394
102400
102380
102421
102384
102414
102675
103869
160702
43280
