128123
116774
85267
102396
102908
101187
134665
69381
102381
100300
102402
102374
102418
108941
95854
102768
102056
102376
102400
102400
102394
102406
102392
102410
102391
102399
102417
102396
102394
102582
102239
102377
102400
102401
193915
102390
105127
103062
99004
102416
102381
105320
102400
102423
102392
102402
102383
102621
102179
102400
102422
102402
102406
102409
102408
102385
102398
102420
102393
102381
102400
102419
102385
102407
102415
101905
102392
102400
102423
102379
102418
102380
102400
102417
102388
151795
52987
102409
102395
129890
102384
105299
99760
96298
102388
102416
143853
99641
141228
63648
102324
102425
99382
100708
120538
84263
102416
102401
102377
102422
