102400
102382
104333
102392
102412
105370
99460
102383
102397
102422
102391
102389
102402
102393
102401
118061
91613
97525
102382
102409
101837
105404
99382
102400
102417
102391
102392
102403
102399
102414
102393
102402
102389
102400
102401
109405
101841
102407
102383
102400
102400
105756
99044
102401
109781
105865
102369
101357
102481
102303
102413
102401
102410
102383
102415
102378
102414
102401
107310
97501
102374
102400
102854
101946
102403
102397
108626
96174
116687
92349
98184
102401
102939
101865
102380
112511
92299
102402
102388
102421
102379
102400
106226
98578
102417
102379
102411
102408
102389
102392
102404
103213
101589
102413
102895
101945
102619
102180
102379
102399
