127423
90495
89276
109165
97861
102397
102404
102415
102381
102405
102416
107397
97430
102352
102419
102394
102411
102389
103937
100852
102400
102398
102400
102400
102400
102400
102383
102400
102563
102381
102404
114340
90465
102402
102410
102394
102411
102587
102212
104333
95615
102419
102381
102401
102405
98973
98766
109081
96231
101872
102405
102404
102392
102415
127418
77381
102409
102389
102401
102408
103622
101175
102393
102394
108284
102220
102395
100402
102374
108156
96956
102400
102395
102387
102416
127391
77393
97797
204800
110896
93887
100318
102381
102398
102400
102400
102405
102406
102389
113243
102410
102375
102962
112428
92390
102397
102388
143888
60951
102358
