94351
111299
229044
69252
110870
100732
156140
47850
111991
114929
123290
86615
91217
100887
106764
128785
68310
103303
101437
102247
107450
97497
98815
101968
119208
86467
124455
106030
102401
102422
105998
102392
103599
103308
101679
101017
102565
101299
109933
94741
102401
102419
103426
101945
101959
112084
61630
115857
106375
107973
113893
69117
102549
102266
109077
95517
102595
102579
127497
86348
80120
102372
120346
86939
101035
102400
102383
103850
105943
77066
118598
88031
110394
202129
95121
108446
99522
121709
80186
113194
91330
110308
115848
105736
96691
102361
102459
115660
107818
87224
99327
101956
124735
80055
106277
98253
105909
98589
102929
101762
