102397
102407
75673
82286
97630
105032
99758
103904
100897
102401
101165
102400
102393
109003
96015
187289
15733
101499
102525
102251
102401
104886
99937
102385
102401
102390
102400
102417
102383
113703
91111
103379
102400
100069
102399
102400
102387
91752
102388
102401
104701
100089
102402
102411
102393
91156
136254
102404
102419
102388
102400
204804
102388
108850
95949
102410
102403
102385
96963
97747
108799
95981
108812
95988
102412
102005
104713
103263
101386
100236
102384
102424
102386
102403
102387
102409
103340
102377
102401
103526
101278
102410
102402
102754
139632
107985
59243
102399
102403
117857
102384
102421
104328
100451
102400
102404
93198
99055
102421
104453
