108427
96380
102397
102406
102407
102777
102046
102388
100951
102400
102390
109536
102394
106157
98623
102399
102405
102400
107555
102306
97345
104398
100396
102400
102400
102423
130961
73816
102405
127260
77551
96260
102403
102411
102391
127416
77386
102393
102406
102395
102406
111196
92720
204801
102406
102393
102405
102395
102424
102381
102414
102389
101364
102426
102393
83402
102390
102655
64509
102405
102404
102396
92519
102391
102404
102417
77390
102405
102382
102410
84614
99414
102420
102380
102394
102422
102395
102408
102378
102413
108154
96634
102396
102410
102411
113584
193616
102379
109374
100546
102424
102384
102404
102414
102374
136673
101392
102385
99679
102568
