99708
112326
92459
102405
121907
77929
101708
122220
102531
102270
108668
97489
167971
68145
69737
102403
67370
123190
80294
109192
121343
76680
107063
124595
80205
102375
143400
102384
64399
76703
104960
92203
76397
83784
115505
86167
101918
102406
102417
104184
97853
90736
88320
102406
117115
108903
81170
103749
101318
123921
80612
155025
55983
118218
80373
102424
220900
86276
102379
146653
58149
102409
99064
102409
105765
41699
108202
96591
124220
80590
102392
110066
75142
102424
128112
76663
102422
102390
102389
103951
203271
102394
128106
104135
100679
76664
111311
68211
107719
92751
100998
109727
122892
73216
105118
116113
85915
102383
102418
128183
