96363
204800
102419
102405
102412
104772
102204
204811
127344
77465
105134
101089
122874
81912
179517
25282
103921
100770
105306
109740
92175
99608
102990
102786
101460
102237
102398
107425
97647
103512
109010
203072
99597
98920
102392
102407
115822
106218
85146
104906
121551
107886
121969
78235
100861
94287
127202
104428
75722
101274
100897
106016
99635
101613
123197
81515
108466
70609
82844
104794
111016
105089
107547
140046
107438
87277
104548
122158
102203
102377
102398
126587
141628
52788
112432
68519
102418
158520
53387
95274
127340
77454
103819
101417
112361
92457
103921
111265
139563
53891
121438
83421
102356
105750
99034
102528
106083
107658
106626
102031
