96252
99961
69425
119940
109125
81186
122938
88000
100542
103289
206767
100138
120144
101457
112803
96449
107892
268911
53516
84292
140074
81078
88373
117291
87469
100110
126858
111637
106090
111590
90925
100107
106702
137569
65237
102398
101328
103464
102392
102425
141096
61391
128603
78498
102401
161450
41048
136890
70607
102001
103251
182516
99431
72598
81875
102396
105396
117094
87020
98699
82265
118627
108117
104791
77426
102470
97412
97302
104931
100030
102216
111175
109389
123841
83878
109157
103893
77811
127817
84045
92997
102395
102397
115627
89174
110557
94242
104681
122672
76687
102398
107899
100096
89852
92751
112040
126232
92755
88211
114403
