102323
102420
102375
104822
114229
101483
224135
83001
102414
113750
90543
99740
102721
106973
98318
101590
119278
85521
114713
106479
88303
99144
88352
166812
40149
99887
102407
103190
118603
86077
102393
105630
99160
138893
68192
114684
92470
105782
124161
74886
129768
100857
94255
102159
130032
81353
95803
108236
96581
108714
160287
101563
129644
95553
75788
102397
102420
102393
103037
101767
102381
106123
126414
99499
105275
77930
99807
124281
132026
65851
102391
102738
114538
89926
78998
104270
100537
120548
84241
105836
100623
116506
81504
102400
118016
103760
85420
120297
99991
100590
102422
106133
102480
110183
90795
102406
102401
103314
115466
102289
