136768
81993
102398
102393
110917
103904
92483
102375
102311
160595
44218
106445
99605
101147
102390
102415
94354
102377
103153
102102
102412
102390
116565
102384
102419
102739
102402
102399
102401
102414
102409
134677
114098
87748
102380
102418
102383
102399
102414
102408
102406
102404
102397
127235
77561
102413
102385
102391
116891
87908
102375
104180
100696
102324
117114
89141
100952
113245
83546
105841
100197
101147
112115
92695
102416
109359
95415
102401
122108
82694
102414
112408
88054
102392
102396
102407
113506
91280
102404
102396
102416
102398
102403
102383
102409
102395
102420
102392
102384
102399
104941
103341
98944
102383
102393
100877
102424
102398
102394
102394
