112256
102405
102412
102254
102383
101974
103188
100300
102392
102387
102396
102414
102406
103071
98888
102376
102417
119485
85318
105783
102422
104608
101383
86421
102386
102392
102418
104307
102175
100704
102415
102390
102407
119664
85145
102404
99767
102393
102424
110608
99845
102374
102400
102405
102420
102396
94247
101723
100132
102420
102392
106784
103565
100916
127435
77382
102378
102411
102394
102395
112797
92018
102385
102413
102397
102390
106831
139210
62012
102410
102416
102374
102416
102397
102387
102410
102410
102695
102329
103168
101613
102400
101553
102379
103672
102386
102400
102407
102714
102104
102431
102368
102723
104393
101158
102471
102783
101956
102387
102402
