127369
77420
102494
102298
102403
102399
82159
85718
102425
102378
102421
102402
102374
102419
102380
102401
102402
102404
102415
102400
102416
103006
107288
96902
166680
38114
102387
102415
102400
102418
106987
102378
102409
113591
91203
102400
102417
102400
102403
102381
102831
102412
91177
102394
102407
102417
120327
84472
102392
102401
102397
102402
102408
102394
122991
89413
93452
102420
139627
65162
102391
102414
78347
99227
102399
102389
135072
69726
102416
96558
102413
102381
102417
102383
100735
102392
163683
41104
102425
102738
102375
103002
131241
72941
102422
108164
96627
102391
102397
102399
113459
102423
102390
102406
102381
102422
102378
102383
102411
102407
