117490
88729
100730
102715
109570
96382
110968
137117
57653
102719
120046
115922
120871
84011
102357
104792
87733
102070
95581
102428
103524
126727
112958
89948
102087
121970
123857
82992
116794
114458
83990
94634
142099
62720
102392
103484
102410
105260
99550
110157
120581
76471
104402
103908
124270
78081
106089
107079
102375
104275
114340
121369
72919
105867
101737
108774
125513
74011
115277
106037
70366
109119
95692
141344
101529
112735
91875
123083
81736
102697
127450
78084
92549
104795
130336
72790
102066
102727
102497
112741
99493
103276
103313
105147
99234
101288
98205
102450
131950
100329
102401
108576
118122
82664
100546
105087
133000
69114
106116
110826
