102004
107911
105096
99397
109852
94962
115147
98349
104848
100995
101664
102424
70614
204388
112695
97961
114083
88374
102322
105936
62891
105972
124220
84528
94570
102723
103277
101211
127291
86319
98455
97539
118598
86517
104133
130597
72354
102902
103874
101360
100564
104036
122484
80602
101614
102682
103241
103455
76087
122938
102328
115039
115977
118206
99342
86461
102599
102020
103676
114811
88867
102375
130372
81029
114183
94513
106950
104967
84675
105507
99786
132167
170582
117275
109650
99430
105654
111909
121363
147071
57435
117510
87195
102544
133118
71960
102087
121032
85344
100910
108896
72256
117119
86880
101774
102410
116645
117924
104145
78939
