102525
89293
115499
90331
128141
140379
64422
119260
85536
127735
77068
102465
107833
97445
102217
112715
91722
71239
130490
74395
116701
106719
83703
114104
106560
86546
117443
96185
102574
102229
102395
105521
104807
100898
98414
102358
72914
106629
124070
76502
113936
86692
102400
102421
102402
128195
81414
110111
97590
134300
62776
102391
119194
105298
99501
99307
104643
102407
100271
103525
106205
119127
87014
74219
83296
116285
99246
100459
121173
91485
98388
90100
114138
90664
102385
128842
62972
85470
102638
106441
98136
109270
102426
105831
201431
102316
102404
115105
86650
95704
102400
127920
107371
119489
85504
102220
122217
82567
110662
109036
