102380
102400
123730
81072
102402
102396
102414
102385
102390
102400
102418
102404
102388
112363
92427
102411
102400
107861
100381
97235
102391
102422
102417
106765
98032
102403
102383
129821
74771
102417
102381
102410
128447
76333
120578
84232
102390
102247
99069
102385
102425
114464
90321
102393
102422
102386
133838
70957
102394
102407
102406
102387
102409
102391
106457
98346
112154
92643
102409
95141
102400
102415
124048
102405
102417
102073
102382
102414
102485
104970
104659
98131
101748
114032
91405
106509
97560
98955
102062
172331
32487
119351
102934
98739
102126
101917
102381
102642
108769
95789
102410
102642
102159
102389
108254
96562
102405
102399
102403
102382
