112436
75133
102053
102426
102389
102855
102919
203819
102408
109223
95582
102396
102392
102401
94255
102415
110256
94520
102413
102387
102418
102382
102403
106922
74041
102387
102390
102388
164501
40303
102377
101581
101412
102395
102394
102402
102398
102406
102394
102400
102418
102385
102397
102422
101371
133257
71537
102414
102385
129779
75021
102410
102390
102426
117465
95405
94306
102412
102388
104374
100424
102401
102406
103617
102382
102404
102407
99838
102400
102424
102380
102395
102407
123128
86899
101747
102389
102402
102398
102404
102413
102408
102765
128532
102410
147141
57666
102389
102409
102386
102417
100108
102405
111009
93795
102405
102386
111562
94587
101070
