103037
106285
97860
102397
102395
102402
102397
102426
102387
102404
119494
85314
102376
136345
141808
29055
102414
102384
98605
102397
102399
102379
102422
102378
102414
102377
102420
102384
102397
102413
102406
102380
102398
102405
102391
102386
102401
102412
103679
101116
60763
60461
102480
102626
102085
165113
44443
97671
102396
102402
102393
102382
102405
105377
99418
102407
102393
102401
102399
102400
106917
97900
116658
102310
105084
100707
101651
102396
102408
105219
99572
102411
102378
102916
101889
102417
121326
83452
102393
105846
98945
102421
102409
102405
102392
102395
102585
102234
102396
102382
102414
104474
100322
86742
96704
133977
72533
103386
99700
102400
