102397
102400
102384
102411
102403
106955
100671
102100
99879
102381
102400
102400
102400
102418
102406
102376
127412
112266
67546
103610
102404
102396
102416
102384
102404
102410
102391
102423
102421
102377
102379
102415
102408
102400
102411
102382
102395
204802
102411
107779
97008
115781
89021
102419
113085
91708
143652
61144
160909
100801
105545
111137
90498
102385
102412
102379
102210
102402
122711
82086
102406
102399
102403
120679
84140
102374
102413
102390
127374
102392
102411
102385
102400
102413
102402
102400
97827
102389
113499
89760
102396
102399
102406
102379
102422
102388
128272
76718
102204
102412
102398
102405
102440
102360
102387
102405
93839
99937
99081
102422
