102376
102403
102557
102265
98010
102392
102427
102399
102395
102382
102408
102392
102406
102403
102426
102374
102399
99507
102416
102399
102385
102400
103088
106184
91712
102396
102374
102400
111031
93783
102410
102376
102400
102400
102424
102376
102418
102382
102400
102395
102394
113501
91299
103599
102825
102409
102383
102401
102389
102390
115438
102388
105428
99374
88259
102396
102394
110149
94662
102381
101025
100609
102393
102405
102419
102368
102425
103093
101682
102324
102400
102640
105794
99923
101258
102411
102377
102397
123715
107271
102380
102412
102400
102388
102410
110192
94595
103718
102411
102402
108825
96321
102035
102412
102062
101538
103086
143521
99697
101899
