100335
102394
102737
104931
102450
99488
104339
100462
122804
82608
101762
104496
100305
101152
102382
102400
102423
107174
97613
102403
103012
101800
102403
102400
85101
102301
102720
102084
102400
102414
103389
101417
102394
102385
102411
102403
102468
102315
102850
101950
135243
69572
102390
102398
102412
102385
102400
102414
102410
102376
102422
102378
104330
100479
102391
102406
102406
102401
111411
93396
102397
102383
102407
111825
92968
102867
108559
98977
99209
129899
74900
102388
101069
102397
135770
102945
101847
102390
102400
102406
102394
102420
102380
102416
102404
102380
102400
102410
102394
103086
101716
102419
103200
102416
102387
100593
102373
102419
104637
100169
