102412
102381
110964
93842
102394
102400
102413
102405
102386
102415
102404
102391
102394
99220
102400
102421
102400
101690
102380
102400
102400
175732
106809
97982
102389
102400
102414
102389
102418
125701
102400
102405
102383
102408
102392
102427
102389
102403
102388
102393
102406
102393
105708
99100
107233
97560
103063
101744
102393
102426
133595
102404
102419
102420
102386
102392
102400
102413
102406
111520
93288
102379
102400
102409
102384
102400
102722
98797
102402
102374
102400
102421
102398
41795
102412
102391
102410
102389
102403
99093
102392
106491
102495
102330
102395
102394
102386
99128
102400
102398
102412
84644
102425
102386
102091
105742
99080
102387
102391
113266
