102230
101003
102401
106367
98433
102405
102406
102399
102414
133679
71117
102407
102393
102412
102384
102423
102384
102550
102427
102395
119198
85596
102397
112048
104783
101472
103214
100268
106590
97305
104690
102385
102401
102406
103317
101470
105374
99436
102394
102397
102423
102387
103012
101612
104777
102402
100043
102402
96918
102405
102396
103675
99523
117568
86699
102379
102405
102395
102420
102380
102412
99028
102405
102389
102387
102408
102394
115814
89010
102387
102418
102394
103540
123207
102407
132134
72664
102401
102375
102400
102416
102385
127710
99003
101852
102425
102391
102384
102400
102415
102409
102392
105501
106411
95273
102410
102388
103687
102418
102382
