102420
102395
102420
102381
114414
90404
102390
103281
101527
102384
102406
102411
102404
102379
86519
100070
112535
102417
102384
102410
102417
102404
109329
102414
102391
104535
100278
102400
102408
102403
102398
102397
102395
102398
99585
104392
105266
97542
102409
102391
87583
101537
102819
141314
63188
101919
102413
102402
102385
102404
98083
114278
90002
100425
122690
86803
99522
106923
95923
102404
102382
98654
102387
102401
102398
102418
102382
102400
102423
108005
96799
102513
107169
97507
102399
102421
121189
83602
100527
102377
102399
102422
102392
102623
102161
102422
102379
102423
107263
97587
102348
102477
103047
101654
103583
101240
124447
102380
103367
102305
