110024
121374
104021
99560
102374
103268
101552
111517
93267
124895
89981
101906
97779
127981
71854
110350
111209
85773
120538
100846
101450
101704
101045
102392
102448
206179
99462
102657
100132
111403
75888
103992
107297
95900
102409
148952
56363
116611
87831
102522
115976
112487
77454
205202
102016
109677
93604
204843
110628
127253
69245
108878
102192
117672
78911
101190
117204
84776
105927
108403
105051
103307
84345
110289
94772
102214
103629
101105
104460
107568
197554
128108
77008
102677
101078
111910
92792
141614
65306
100662
119210
120777
82516
102379
102401
137821
106082
63648
101983
101400
104121
110893
90985
106292
123471
134760
104499
99103
108531
98278
