65349
102532
100225
106660
97074
107255
97547
128858
76088
126241
78434
102401
102410
102461
102323
105535
108139
86477
102501
102383
102301
125591
82261
117959
80334
73195
105247
99397
127546
103469
89245
102761
93911
102401
102662
111239
106207
110390
103397
104620
108153
124332
74260
203809
103341
122923
106007
136141
65202
102401
102706
99089
102322
102738
102037
100655
104156
102391
102567
102262
103052
101732
102591
102542
102186
135295
69399
119366
100629
104238
120471
128956
57888
102432
122609
56829
65157
70051
102383
158332
50065
118091
83124
118055
156481
56556
95564
86086
118882
102264
102374
144844
63918
105445
119273
78551
105885
99025
101310
118497
