102395
102407
102398
102377
102404
102422
102572
102226
204800
102387
102397
102410
102387
102413
103095
121484
80002
145479
59335
102390
102395
102427
102383
123190
81602
103302
90188
102403
102396
102425
102382
102413
86205
135608
69168
127548
102400
102399
102382
102400
102423
103062
101716
161639
43160
112533
100623
102317
102409
116182
88605
102388
102394
102400
102412
102413
102375
102416
102398
102410
102382
102375
102398
102412
102379
102407
102393
102403
102417
113562
91226
102416
102386
137508
67286
102405
102392
102404
136925
77886
102415
102801
103953
100838
102386
102411
102414
102407
105258
99067
107683
103623
101172
102399
108165
97225
143508
61535
101706
102245
