101473
102727
102011
102409
102408
100288
102426
102386
102388
102414
102387
132007
72792
102413
102403
102387
102422
102382
102408
102388
102414
103638
101168
102389
102180
102424
102376
102415
102408
102397
94108
103388
100235
102400
102422
102378
102400
102408
102406
102400
102401
102405
114066
90744
102379
102400
102402
102398
102425
102389
115589
89197
102418
102396
102400
102400
134108
102412
102424
102429
102365
102441
102545
102405
102391
102492
97479
102419
102390
102436
102355
104407
58530
105613
96377
102391
102380
102426
102374
102425
102398
113944
106965
86268
102541
102380
102396
102413
102387
102407
102398
102375
102413
102408
102392
102384
102378
102400
102402
102408
