95314
135952
68860
151525
57575
98108
108165
199026
105639
100299
105873
98437
103661
112901
90662
105912
202230
106705
104092
146513
85128
103440
106458
84270
105971
102292
103428
132410
108845
99860
113151
86211
102989
88243
106270
93046
102915
116249
101004
120702
82379
102398
103044
136505
95363
83764
94226
128192
75707
107025
117111
83067
102661
112933
40131
99298
102253
115464
85813
137238
85905
96258
100356
92370
123239
106104
85209
94779
101198
115029
127202
64083
95207
167454
37625
119314
85298
130336
72092
102572
102298
102562
124837
77679
102266
102566
113552
91019
103773
101053
110210
103094
102052
103056
101529
111928
111536
102677
100176
103108
