90192
99555
114491
110976
77953
101546
108366
96454
101983
111748
93449
117457
87458
103327
130445
73654
102078
102400
150148
101666
107671
100017
99097
106869
95777
105266
98495
106118
114663
123281
85403
90789
98711
125516
82873
107336
92488
102419
103391
103224
100705
102265
133583
71219
120395
108887
77912
101987
102823
63320
84557
122341
82165
102570
143805
109620
111454
85234
118004
86538
102374
100612
105603
147796
74767
80579
100993
103059
110076
114686
155581
52802
96361
104788
101079
118406
89827
104847
143344
54885
110715
93726
121867
102830
82496
120216
109279
102275
127201
81351
98983
113169
101704
114357
89064
102786
104178
100212
102401
102400
