102406
92081
106429
98369
102399
102390
102411
102402
102394
102409
102395
72498
102522
118651
86033
102394
102401
106094
98723
102948
101846
102388
102427
102399
102374
102413
108022
96778
102410
102384
102419
104056
100730
102421
102387
127359
102143
102752
102060
102325
106651
105210
100978
48932
102150
102412
106108
109766
91329
107016
97769
102392
112229
103464
105968
97842
102408
105333
101682
100403
104197
99271
102405
102395
102423
103648
98323
102403
107958
96848
111350
93457
106324
99210
104348
108966
97713
101929
127451
77748
139575
64837
119172
85617
102420
102390
97410
101869
103042
101763
102384
103242
80813
102405
102423
102386
102411
102388
102418
102376
