86314
102380
102403
102410
148216
102409
130314
102413
102410
102400
102404
102404
102411
113485
102370
102835
101965
102400
100710
102421
104471
100303
102412
104652
100162
102403
114901
89893
102404
109667
102391
102398
105522
99450
102238
102390
102400
99371
102413
102450
102325
102408
102396
102396
102418
102313
121529
99775
102397
102400
102400
109926
96836
102386
107640
102400
102419
102397
102384
102425
102387
102388
102417
102383
100735
102389
103950
100837
97886
101957
109644
102213
100220
102394
102409
106697
103316
97183
102409
102408
102392
102404
108911
95897
102406
103399
102747
102414
102381
113195
91605
96615
93489
102379
102426
102397
112363
111890
102391
102478
