102393
94140
102159
102410
102410
108483
96628
106939
97540
102389
102400
102418
130125
76091
100972
102403
102402
102393
102405
102393
102419
101645
61869
102949
101839
86115
97210
102791
102259
103248
111303
92633
135541
69256
102402
102401
102420
145626
59161
102389
102418
93191
98241
204410
97239
102391
105283
102402
123850
80928
133841
70973
102396
111868
92926
108325
96479
115773
89754
101665
102401
102408
107526
97287
102378
102406
102419
102395
102379
102402
109671
95124
102396
102393
102401
102423
131251
103812
100971
102400
102412
102388
102400
102404
60086
95055
97093
108890
105956
98573
102384
102405
102395
102400
102405
106533
98285
102377
102400
106559
