102396
105551
102400
102688
99250
102524
101199
102404
102407
102387
167054
101619
143885
59320
93362
92832
116440
90065
100681
102401
102386
102387
103434
101393
102378
102404
107275
199926
102412
102399
102775
102756
102247
101922
102280
102400
103020
101791
102411
102399
102380
102407
102394
134610
102258
102385
140132
64671
102415
102379
102397
102406
105086
101046
101136
100268
102422
102404
102375
102423
102389
92529
105525
101544
100779
104204
100595
102598
102219
128369
78710
113507
90336
101055
102408
102411
102381
102414
102406
102394
106966
97839
91818
102391
113489
91301
107616
102385
102394
98495
102140
102420
102389
102388
102400
102390
102408
83363
102378
102399
