102413
102375
102410
102398
102397
102396
102390
102393
34167
88571
102376
107981
117767
87028
102405
102406
102387
102426
102402
103853
100946
102410
101221
107187
101796
61671
102386
102402
102400
102387
102399
102400
103452
79993
102384
102425
128582
82438
96155
102407
102397
102410
102400
102403
102405
102398
102393
114858
102396
106095
98713
102416
106594
98193
102414
101395
102423
102361
102408
102402
104225
100565
102414
102402
102398
102393
102412
102380
94184
112189
92630
102378
112415
102406
102408
102396
102411
102395
102405
109175
97448
99943
102405
102395
102416
102386
102407
103311
102397
101474
157906
106853
98151
101289
102333
109786
107141
90276
107156
102497
