102306
103501
104431
102400
102400
102400
102402
102419
102416
102397
102392
103699
108639
101127
102420
102380
102782
102018
102400
118194
86626
102394
102408
102401
102377
102408
102392
102418
102382
102409
102397
102411
102402
155378
49419
97133
102219
102415
102400
102395
102399
102908
101890
102413
102394
102402
106045
102393
102390
102400
102405
102400
102423
102385
109264
95549
102379
103372
101434
127435
79383
100395
102403
102379
102398
102426
102381
102404
102389
102389
102398
95567
105638
99829
86526
102574
102229
102414
109497
134111
63603
97637
102406
102394
102400
102409
103710
105834
97672
102471
103941
120192
105294
74521
102402
102385
102389
102406
102385
102400
