105515
99305
151588
101777
107968
112371
126011
79812
100777
113201
108808
99388
104014
102400
100782
112897
119656
86561
117244
111068
102724
77163
112921
120879
75043
100742
104325
100477
104054
103311
110245
93653
102859
85986
142165
63301
103887
122524
102987
78352
102392
109766
93506
97986
107131
99444
102791
143975
60323
102413
99856
122413
77246
106606
126536
73922
110137
94670
102395
102383
104985
99817
107415
122517
100530
57483
106531
84901
104519
128969
77976
94213
102390
115870
88917
102406
100979
103684
149929
58648
104293
101133
95563
100672
104116
103273
99806
104125
101859
103005
102337
102416
120302
85732
121247
136515
83958
111551
72243
102572
