102394
103105
101767
133656
73451
99175
102323
105323
101437
101167
103104
95062
99468
102390
102400
115882
105430
87544
103115
100038
119885
102412
102399
102406
102425
103931
100861
102383
102417
103042
102282
102072
107357
97231
102420
102403
102377
102399
101211
102391
122820
81977
137028
70092
100080
102413
102387
106902
100211
128558
73932
102413
102400
102398
102396
102413
102389
102655
102141
102403
102400
102410
102395
102390
102395
102399
102425
102093
103017
126975
77216
102387
102388
102402
102423
83389
102883
101925
102403
106227
98564
102411
102387
102400
105635
99165
102401
102407
102467
102341
102405
102403
102402
102522
102254
102412
102425
102396
102395
102389
