102419
102405
99857
102705
104958
100816
105745
98079
102479
102314
102698
102406
98800
102416
102400
93526
102424
102398
102381
104677
100142
102381
204800
102405
102395
102754
102060
102392
120624
84184
102400
102446
102340
103621
76731
98607
102007
102410
102386
103148
101652
118835
94038
94339
104439
103330
99419
102400
102421
102379
102401
111821
92987
112425
92496
102270
102395
103097
101728
102375
102400
102573
102388
102548
102759
101979
129964
127526
77607
102050
100346
102424
103653
101542
101987
102394
102675
98469
102416
109406
95391
102384
102404
102416
106036
102412
102385
102408
102407
102383
102407
102388
102416
102395
102397
102401
102413
110661
102400
102409
