102401
102382
90251
102897
78810
161759
100821
95920
102417
128938
75856
115878
89220
116052
78312
143648
71791
106247
102714
102105
165556
39246
86324
116317
88494
127187
77606
102419
88882
119213
84266
102208
100788
104014
113669
136859
57034
102059
114792
94948
130297
124892
53116
96481
127559
83994
95520
102401
102392
109421
106461
104155
85043
106545
102004
115541
106783
119660
120166
118494
89393
167030
87261
118030
86574
104324
100332
100587
104038
159635
104597
101613
102334
118167
106721
106285
78404
102428
102398
102493
100719
99720
106722
98062
108235
140412
102410
113856
91014
115700
214704
96650
84882
100717
104103
113431
91385
107652
81305
140005
